16 8
-1 0 0 0 0 0 0 0
1 0 0 0 0 0 0 0
0 -1 0 0 0 0 0 0
0 1 0 0 0 0 0 0
0 0 -1 0 0 0 0 0
0 0 1 0 0 0 0 0
0 0 0 -1 0 0 0 0
0 0 0 1 0 0 0 0
0 0 0 0 -1 0 0 0
0 0 0 0 1 0 0 0
0 0 0 0 0 -1 0 0
0 0 0 0 0 1 0 0
0 0 0 0 0 0 -1 0
0 0 0 0 0 0 1 0
0 0 0 0 0 0 0 -1
0 0 0 0 0 0 0 1
0.6938238871173202
-0.4938238871173203
0.2842995653034931
-0.08429956530349311
-0.16477832259587707
0.36477832259587706
-0.7586504732745796
0.9586504732745795
0.6183354267714128
-0.4183354267714129
0.7662991614331388
-0.5662991614331389
-0.2031034679001533
0.4031034679001533
0.47835144469007995
-0.27835144469008
