16 8
-1 0 0 0 0 0 0 0
1 0 0 0 0 0 0 0
0 -1 0 0 0 0 0 0
0 1 0 0 0 0 0 0
0 0 -1 0 0 0 0 0
0 0 1 0 0 0 0 0
0 0 0 -1 0 0 0 0
0 0 0 1 0 0 0 0
0 0 0 0 -1 0 0 0
0 0 0 0 1 0 0 0
0 0 0 0 0 -1 0 0
0 0 0 0 0 1 0 0
0 0 0 0 0 0 -1 0
0 0 0 0 0 0 1 0
0 0 0 0 0 0 0 -1
0 0 0 0 0 0 0 1
0.5939238871173202
-0.5937238871173203
0.1843995653034931
-0.18419956530349313
-0.2646783225958771
0.26487832259587707
-0.8585504732745796
0.8587504732745795
0.5184354267714129
-0.5182354267714129
0.6663991614331388
-0.6661991614331388
-0.3030034679001533
0.3032034679001533
0.37845144469007996
-0.37825144469008
