16 8
-1 0 0 0 0 0 0 0
1 0 0 0 0 0 0 0
0 -1 0 0 0 0 0 0
0 1 0 0 0 0 0 0
0 0 -1 0 0 0 0 0
0 0 1 0 0 0 0 0
0 0 0 -1 0 0 0 0
0 0 0 1 0 0 0 0
0 0 0 0 -1 0 0 0
0 0 0 0 1 0 0 0
0 0 0 0 0 -1 0 0
0 0 0 0 0 1 0 0
0 0 0 0 0 0 -1 0
0 0 0 0 0 0 1 0
0 0 0 0 0 0 0 -1
0 0 0 0 0 0 0 1
1.5938238871173203
0.40617611288267974
1.1842995653034931
0.8157004346965069
0.7352216774041229
1.264778322595877
0.14134952672542045
1.8586504732745794
1.5183354267714129
0.48166457322858713
1.6662991614331388
0.33370083856686117
0.6968965320998467
1.3031034679001534
1.37835144469008
0.62164855530992
