16 8
-1 0 0 0 0 0 0 0
1 0 0 0 0 0 0 0
0 -1 0 0 0 0 0 0
0 1 0 0 0 0 0 0
0 0 -1 0 0 0 0 0
0 0 1 0 0 0 0 0
0 0 0 -1 0 0 0 0
0 0 0 1 0 0 0 0
0 0 0 0 -1 0 0 0
0 0 0 0 1 0 0 0
0 0 0 0 0 -1 0 0
0 0 0 0 0 1 0 0
0 0 0 0 0 0 -1 0
0 0 0 0 0 0 1 0
0 0 0 0 0 0 0 -1
0 0 0 0 0 0 0 1
0.6038238871173203
-0.5838238871173203
0.19429956530349313
-0.1742995653034931
-0.25477832259587707
0.2747783225958771
-0.8486504732745795
0.8686504732745796
0.5283354267714129
-0.5083354267714129
0.6762991614331388
-0.6562991614331388
-0.2931034679001533
0.3131034679001533
0.38835144469008
-0.36835144469007997
