16 8
-1 0 0 0 0 0 0 0
1 0 0 0 0 0 0 0
0 -1 0 0 0 0 0 0
0 1 0 0 0 0 0 0
0 0 -1 0 0 0 0 0
0 0 1 0 0 0 0 0
0 0 0 -1 0 0 0 0
0 0 0 1 0 0 0 0
0 0 0 0 -1 0 0 0
0 0 0 0 1 0 0 0
0 0 0 0 0 -1 0 0
0 0 0 0 0 1 0 0
0 0 0 0 0 0 -1 0
0 0 0 0 0 0 1 0
0 0 0 0 0 0 0 -1
0 0 0 0 0 0 0 1
0.5948238871173203
-0.5928238871173203
0.18529956530349312
-0.18329956530349312
-0.2637783225958771
0.2657783225958771
-0.8576504732745796
0.8596504732745796
0.5193354267714129
-0.5173354267714129
0.6672991614331388
-0.6652991614331388
-0.3021034679001533
0.3041034679001533
0.37935144469008
-0.37735144469008
