16 8
-1 0 0 0 0 0 0 0
1 0 0 0 0 0 0 0
0 -1 0 0 0 0 0 0
0 1 0 0 0 0 0 0
0 0 -1 0 0 0 0 0
0 0 1 0 0 0 0 0
0 0 0 -1 0 0 0 0
0 0 0 1 0 0 0 0
0 0 0 0 -1 0 0 0
0 0 0 0 1 0 0 0
0 0 0 0 0 -1 0 0
0 0 0 0 0 1 0 0
0 0 0 0 0 0 -1 0
0 0 0 0 0 0 1 0
0 0 0 0 0 0 0 -1
0 0 0 0 0 0 0 1
-0.7878644207977156
0.7898644207977156
-0.7348826404524793
0.7368826404524793
-0.1821619743028705
0.1841619743028705
-0.27627740276955615
0.27827740276955615
-0.8212285679214479
0.8232285679214479
-0.6219167290765495
0.6239167290765495
-0.3508780677864821
0.3528780677864821
-0.45732077138525856
0.45932077138525856
