16 8
-1 0 0 0 0 0 0 0
1 0 0 0 0 0 0 0
0 -1 0 0 0 0 0 0
0 1 0 0 0 0 0 0
0 0 -1 0 0 0 0 0
0 0 1 0 0 0 0 0
0 0 0 -1 0 0 0 0
0 0 0 1 0 0 0 0
0 0 0 0 -1 0 0 0
0 0 0 0 1 0 0 0
0 0 0 0 0 -1 0 0
0 0 0 0 0 1 0 0
0 0 0 0 0 0 -1 0
0 0 0 0 0 0 1 0
0 0 0 0 0 0 0 -1
0 0 0 0 0 0 0 1
-0.7788644207977156
0.7988644207977156
-0.7258826404524793
0.7458826404524793
-0.1731619743028705
0.19316197430287052
-0.26727740276955614
0.28727740276955616
-0.8122285679214479
0.832228567921448
-0.6129167290765495
0.6329167290765495
-0.3418780677864821
0.3618780677864821
-0.44832077138525855
0.46832077138525857
