16 8
-1 0 0 0 0 0 0 0
1 0 0 0 0 0 0 0
0 -1 0 0 0 0 0 0
0 1 0 0 0 0 0 0
0 0 -1 0 0 0 0 0
0 0 1 0 0 0 0 0
0 0 0 -1 0 0 0 0
0 0 0 1 0 0 0 0
0 0 0 0 -1 0 0 0
0 0 0 0 1 0 0 0
0 0 0 0 0 -1 0 0
0 0 0 0 0 1 0 0
0 0 0 0 0 0 -1 0
0 0 0 0 0 0 1 0
0 0 0 0 0 0 0 -1
0 0 0 0 0 0 0 1
-0.7887644207977156
0.7889644207977156
-0.7357826404524793
0.7359826404524793
-0.18306197430287052
0.1832619743028705
-0.27717740276955616
0.27737740276955614
-0.822128567921448
0.8223285679214479
-0.6228167290765495
0.6230167290765495
-0.35177806778648213
0.3519780677864821
-0.4582207713852586
0.45842077138525855
