16 8
-1 0 0 0 0 0 0 0
1 0 0 0 0 0 0 0
0 -1 0 0 0 0 0 0
0 1 0 0 0 0 0 0
0 0 -1 0 0 0 0 0
0 0 1 0 0 0 0 0
0 0 0 -1 0 0 0 0
0 0 0 1 0 0 0 0
0 0 0 0 -1 0 0 0
0 0 0 0 1 0 0 0
0 0 0 0 0 -1 0 0
0 0 0 0 0 1 0 0
0 0 0 0 0 0 -1 0
0 0 0 0 0 0 1 0
0 0 0 0 0 0 0 -1
0 0 0 0 0 0 0 1
0.21113557920228443
1.7888644207977156
0.2641173595475207
1.7358826404524792
0.8168380256971295
1.1831619743028705
0.7227225972304439
1.2772774027695561
0.17777143207855206
1.822228567921448
0.3770832709234505
1.6229167290765494
0.6481219322135179
1.3518780677864821
0.5416792286147414
1.4583207713852586
