16 8
-1 0 0 0 0 0 0 0
1 0 0 0 0 0 0 0
0 -1 0 0 0 0 0 0
0 1 0 0 0 0 0 0
0 0 -1 0 0 0 0 0
0 0 1 0 0 0 0 0
0 0 0 -1 0 0 0 0
0 0 0 1 0 0 0 0
0 0 0 0 -1 0 0 0
0 0 0 0 1 0 0 0
0 0 0 0 0 -1 0 0
0 0 0 0 0 1 0 0
0 0 0 0 0 0 -1 0
0 0 0 0 0 0 1 0
0 0 0 0 0 0 0 -1
0 0 0 0 0 0 0 1
-0.6888644207977156
0.8888644207977155
-0.6358826404524793
0.8358826404524793
-0.0831619743028705
0.2831619743028705
-0.17727740276955614
0.3772774027695561
-0.722228567921448
0.9222285679214479
-0.5229167290765495
0.7229167290765495
-0.25187806778648214
0.4518780677864821
-0.35832077138525853
0.5583207713852586
