16 8
-1 0 0 0 0 0 0 0
1 0 0 0 0 0 0 0
0 -1 0 0 0 0 0 0
0 1 0 0 0 0 0 0
0 0 -1 0 0 0 0 0
0 0 1 0 0 0 0 0
0 0 0 -1 0 0 0 0
0 0 0 1 0 0 0 0
0 0 0 0 -1 0 0 0
0 0 0 0 1 0 0 0
0 0 0 0 0 -1 0 0
0 0 0 0 0 1 0 0
0 0 0 0 0 0 -1 0
0 0 0 0 0 0 1 0
0 0 0 0 0 0 0 -1
0 0 0 0 0 0 0 1
-0.7776775890001616
0.7796775890001616
0.8080933278556849
-0.8060933278556849
0.4008759104041687
-0.3988759104041687
-0.26600304661163376
0.26800304661163377
-0.021133134956263677
0.02313313495626368
-0.6105426279006608
0.6125426279006608
-0.7642830649372397
0.7662830649372397
0.7025296367462733
-0.7005296367462733
