16 8
-1 0 0 0 0 0 0 0
1 0 0 0 0 0 0 0
0 -1 0 0 0 0 0 0
0 1 0 0 0 0 0 0
0 0 -1 0 0 0 0 0
0 0 1 0 0 0 0 0
0 0 0 -1 0 0 0 0
0 0 0 1 0 0 0 0
0 0 0 0 -1 0 0 0
0 0 0 0 1 0 0 0
0 0 0 0 0 -1 0 0
0 0 0 0 0 1 0 0
0 0 0 0 0 0 -1 0
0 0 0 0 0 0 1 0
0 0 0 0 0 0 0 -1
0 0 0 0 0 0 0 1
-0.7686775890001616
0.7886775890001616
0.8170933278556849
-0.7970933278556849
0.4098759104041687
-0.3898759104041687
-0.25700304661163376
0.2770030466116338
-0.012133134956263678
0.03213313495626368
-0.6015426279006608
0.6215426279006608
-0.7552830649372397
0.7752830649372398
0.7115296367462733
-0.6915296367462733
