16 8
-1 0 0 0 0 0 0 0
1 0 0 0 0 0 0 0
0 -1 0 0 0 0 0 0
0 1 0 0 0 0 0 0
0 0 -1 0 0 0 0 0
0 0 1 0 0 0 0 0
0 0 0 -1 0 0 0 0
0 0 0 1 0 0 0 0
0 0 0 0 -1 0 0 0
0 0 0 0 1 0 0 0
0 0 0 0 0 -1 0 0
0 0 0 0 0 1 0 0
0 0 0 0 0 0 -1 0
0 0 0 0 0 0 1 0
0 0 0 0 0 0 0 -1
0 0 0 0 0 0 0 1
0.2213224109998384
1.7786775890001616
1.8070933278556849
0.19290667214431512
1.3998759104041687
0.6001240895958313
0.7329969533883662
1.2670030466116338
0.9778668650437363
1.0221331349562637
0.38845737209933917
1.6115426279006608
0.23471693506276026
1.7652830649372397
1.7015296367462733
0.29847036325372667
