16 8
-1 0 0 0 0 0 0 0
1 0 0 0 0 0 0 0
0 -1 0 0 0 0 0 0
0 1 0 0 0 0 0 0
0 0 -1 0 0 0 0 0
0 0 1 0 0 0 0 0
0 0 0 -1 0 0 0 0
0 0 0 1 0 0 0 0
0 0 0 0 -1 0 0 0
0 0 0 0 1 0 0 0
0 0 0 0 0 -1 0 0
0 0 0 0 0 1 0 0
0 0 0 0 0 0 -1 0
0 0 0 0 0 0 1 0
0 0 0 0 0 0 0 -1
0 0 0 0 0 0 0 1
-0.6786775890001616
0.8786775890001616
0.9070933278556849
-0.7070933278556849
0.4998759104041687
-0.2998759104041687
-0.16700304661163376
0.36700304661163374
0.07786686504373633
0.12213313495626368
-0.5115426279006609
0.7115426279006608
-0.6652830649372398
0.8652830649372397
0.8015296367462733
-0.6015296367462734
