16 8
-1 0 0 0 0 0 0 0
1 0 0 0 0 0 0 0
0 -1 0 0 0 0 0 0
0 1 0 0 0 0 0 0
0 0 -1 0 0 0 0 0
0 0 1 0 0 0 0 0
0 0 0 -1 0 0 0 0
0 0 0 1 0 0 0 0
0 0 0 0 -1 0 0 0
0 0 0 0 1 0 0 0
0 0 0 0 0 -1 0 0
0 0 0 0 0 1 0 0
0 0 0 0 0 0 -1 0
0 0 0 0 0 0 1 0
0 0 0 0 0 0 0 -1
0 0 0 0 0 0 0 1
-0.7785775890001616
0.7787775890001616
0.8071933278556849
-0.8069933278556849
0.3999759104041687
-0.3997759104041687
-0.2669030466116338
0.26710304661163375
-0.02203313495626368
0.022233134956263678
-0.6114426279006608
0.6116426279006608
-0.7651830649372398
0.7653830649372397
0.7016296367462733
-0.7014296367462733
