16 8
-1 0 0 0 0 0 0 0
1 0 0 0 0 0 0 0
0 -1 0 0 0 0 0 0
0 1 0 0 0 0 0 0
0 0 -1 0 0 0 0 0
0 0 1 0 0 0 0 0
0 0 0 -1 0 0 0 0
0 0 0 1 0 0 0 0
0 0 0 0 -1 0 0 0
0 0 0 0 1 0 0 0
0 0 0 0 0 -1 0 0
0 0 0 0 0 1 0 0
0 0 0 0 0 0 -1 0
0 0 0 0 0 0 1 0
0 0 0 0 0 0 0 -1
0 0 0 0 0 0 0 1
0.4087445822487179
1.591255417751282
1.3687357872182642
0.6312642127817358
0.3410444317288308
1.6589555682711692
0.7695272555110544
1.2304727444889456
1.4714944750156573
0.5285055249843427
0.20730001857184055
1.7926999814281595
1.591547686299447
0.4084523137005529
1.2372653898941344
0.7627346101058656
