16 8
-1 0 0 0 0 0 0 0
1 0 0 0 0 0 0 0
0 -1 0 0 0 0 0 0
0 1 0 0 0 0 0 0
0 0 -1 0 0 0 0 0
0 0 1 0 0 0 0 0
0 0 0 -1 0 0 0 0
0 0 0 1 0 0 0 0
0 0 0 0 -1 0 0 0
0 0 0 0 1 0 0 0
0 0 0 0 0 -1 0 0
0 0 0 0 0 1 0 0
0 0 0 0 0 0 -1 0
0 0 0 0 0 0 1 0
0 0 0 0 0 0 0 -1
0 0 0 0 0 0 0 1
-0.5911554177512821
0.5913554177512821
0.36883578721826416
-0.3686357872182642
-0.6588555682711692
0.6590555682711692
-0.23037274448894562
0.2305727444889456
0.4715944750156573
-0.47139447501565734
-0.7925999814281595
0.7927999814281594
0.5916476862994471
-0.5914476862994471
0.23736538989413436
-0.23716538989413438
