16 8
-1 0 0 0 0 0 0 0
1 0 0 0 0 0 0 0
0 -1 0 0 0 0 0 0
0 1 0 0 0 0 0 0
0 0 -1 0 0 0 0 0
0 0 1 0 0 0 0 0
0 0 0 -1 0 0 0 0
0 0 0 1 0 0 0 0
0 0 0 0 -1 0 0 0
0 0 0 0 1 0 0 0
0 0 0 0 0 -1 0 0
0 0 0 0 0 1 0 0
0 0 0 0 0 0 -1 0
0 0 0 0 0 0 1 0
0 0 0 0 0 0 0 -1
0 0 0 0 0 0 0 1
-0.4912554177512821
0.6912554177512821
0.46873578721826414
-0.2687357872182642
-0.5589555682711692
0.7589555682711692
-0.1304727444889456
0.3304727444889456
0.5714944750156573
-0.37149447501565735
-0.6926999814281595
0.8926999814281594
0.6915476862994471
-0.4915476862994471
0.33726538989413435
-0.13726538989413437
