16 8
-1 0 0 0 0 0 0 0
1 0 0 0 0 0 0 0
0 -1 0 0 0 0 0 0
0 1 0 0 0 0 0 0
0 0 -1 0 0 0 0 0
0 0 1 0 0 0 0 0
0 0 0 -1 0 0 0 0
0 0 0 1 0 0 0 0
0 0 0 0 -1 0 0 0
0 0 0 0 1 0 0 0
0 0 0 0 0 -1 0 0
0 0 0 0 0 1 0 0
0 0 0 0 0 0 -1 0
0 0 0 0 0 0 1 0
0 0 0 0 0 0 0 -1
0 0 0 0 0 0 0 1
-0.5812554177512821
0.6012554177512821
0.3787357872182642
-0.35873578721826416
-0.6489555682711692
0.6689555682711692
-0.2204727444889456
0.24047274448894562
0.48149447501565734
-0.4614944750156573
-0.7826999814281594
0.8026999814281595
0.6015476862994471
-0.5815476862994471
0.24726538989413438
-0.22726538989413436
