16 8
-1 0 0 0 0 0 0 0
1 0 0 0 0 0 0 0
0 -1 0 0 0 0 0 0
0 1 0 0 0 0 0 0
0 0 -1 0 0 0 0 0
0 0 1 0 0 0 0 0
0 0 0 -1 0 0 0 0
0 0 0 1 0 0 0 0
0 0 0 0 -1 0 0 0
0 0 0 0 1 0 0 0
0 0 0 0 0 -1 0 0
0 0 0 0 0 1 0 0
0 0 0 0 0 0 -1 0
0 0 0 0 0 0 1 0
0 0 0 0 0 0 0 -1
0 0 0 0 0 0 0 1
-0.5902554177512821
0.5922554177512821
0.36973578721826417
-0.36773578721826417
-0.6579555682711692
0.6599555682711692
-0.2294727444889456
0.23147274448894561
0.47249447501565733
-0.47049447501565733
-0.7916999814281594
0.7936999814281595
0.5925476862994471
-0.5905476862994471
0.23826538989413437
-0.23626538989413437
