16 8
-1 0 0 0 0 0 0 0
1 0 0 0 0 0 0 0
0 -1 0 0 0 0 0 0
0 1 0 0 0 0 0 0
0 0 -1 0 0 0 0 0
0 0 1 0 0 0 0 0
0 0 0 -1 0 0 0 0
0 0 0 1 0 0 0 0
0 0 0 0 -1 0 0 0
0 0 0 0 1 0 0 0
0 0 0 0 0 -1 0 0
0 0 0 0 0 1 0 0
0 0 0 0 0 0 -1 0
0 0 0 0 0 0 1 0
0 0 0 0 0 0 0 -1
0 0 0 0 0 0 0 1
-0.4950556981424479
0.49525569814244785
-0.6477556563254939
0.6479556563254939
-0.5659363227058769
0.5661363227058769
0.7669371240700702
-0.7667371240700702
-0.7936066201942186
0.7938066201942185
-0.28900344350700324
0.2892034435070032
-0.44647759554225036
0.44667759554225034
-0.4267902636761845
0.4269902636761845
