16 8
-1 0 0 0 0 0 0 0
1 0 0 0 0 0 0 0
0 -1 0 0 0 0 0 0
0 1 0 0 0 0 0 0
0 0 -1 0 0 0 0 0
0 0 1 0 0 0 0 0
0 0 0 -1 0 0 0 0
0 0 0 1 0 0 0 0
0 0 0 0 -1 0 0 0
0 0 0 0 1 0 0 0
0 0 0 0 0 -1 0 0
0 0 0 0 0 1 0 0
0 0 0 0 0 0 -1 0
0 0 0 0 0 0 1 0
0 0 0 0 0 0 0 -1
0 0 0 0 0 0 0 1
0.5048443018575521
1.4951556981424479
0.3521443436745061
1.6478556563254938
0.4339636772941231
1.566036322705877
1.7668371240700702
0.2331628759299298
0.20629337980578144
1.7937066201942184
0.7108965564929968
1.2891034435070032
0.5534224044577496
1.4465775955422504
0.5731097363238156
1.4268902636761844
