16 8
-1 0 0 0 0 0 0 0
1 0 0 0 0 0 0 0
0 -1 0 0 0 0 0 0
0 1 0 0 0 0 0 0
0 0 -1 0 0 0 0 0
0 0 1 0 0 0 0 0
0 0 0 -1 0 0 0 0
0 0 0 1 0 0 0 0
0 0 0 0 -1 0 0 0
0 0 0 0 1 0 0 0
0 0 0 0 0 -1 0 0
0 0 0 0 0 1 0 0
0 0 0 0 0 0 -1 0
0 0 0 0 0 0 1 0
0 0 0 0 0 0 0 -1
0 0 0 0 0 0 0 1
-0.49415569814244786
0.49615569814244787
-0.6468556563254939
0.6488556563254939
-0.5650363227058769
0.5670363227058769
0.7678371240700702
-0.7658371240700702
-0.7927066201942186
0.7947066201942186
-0.28810344350700323
0.29010344350700323
-0.44557759554225035
0.44757759554225035
-0.4258902636761845
0.4278902636761845
