16 8
-1 0 0 0 0 0 0 0
1 0 0 0 0 0 0 0
0 -1 0 0 0 0 0 0
0 1 0 0 0 0 0 0
0 0 -1 0 0 0 0 0
0 0 1 0 0 0 0 0
0 0 0 -1 0 0 0 0
0 0 0 1 0 0 0 0
0 0 0 0 -1 0 0 0
0 0 0 0 1 0 0 0
0 0 0 0 0 -1 0 0
0 0 0 0 0 1 0 0
0 0 0 0 0 0 -1 0
0 0 0 0 0 0 1 0
0 0 0 0 0 0 0 -1
0 0 0 0 0 0 0 1
-0.48515569814244786
0.5051556981424479
-0.6378556563254939
0.6578556563254939
-0.5560363227058769
0.5760363227058769
0.7768371240700702
-0.7568371240700702
-0.7837066201942186
0.8037066201942186
-0.2791034435070032
0.29910344350700324
-0.43657759554225034
0.45657759554225036
-0.4168902636761845
0.4368902636761845
