16 8
-1 0 0 0 0 0 0 0
1 0 0 0 0 0 0 0
0 -1 0 0 0 0 0 0
0 1 0 0 0 0 0 0
0 0 -1 0 0 0 0 0
0 0 1 0 0 0 0 0
0 0 0 -1 0 0 0 0
0 0 0 1 0 0 0 0
0 0 0 0 -1 0 0 0
0 0 0 0 1 0 0 0
0 0 0 0 0 -1 0 0
0 0 0 0 0 1 0 0
0 0 0 0 0 0 -1 0
0 0 0 0 0 0 1 0
0 0 0 0 0 0 0 -1
0 0 0 0 0 0 0 1
-0.3951556981424479
0.5951556981424478
-0.5478556563254939
0.7478556563254939
-0.4660363227058769
0.6660363227058769
0.8668371240700702
-0.6668371240700702
-0.6937066201942186
0.8937066201942185
-0.18910344350700323
0.3891034435070032
-0.3465775955422503
0.5465775955422504
-0.32689026367618446
0.5268902636761845
