16 8
-1 0 0 0 0 0 0 0
1 0 0 0 0 0 0 0
0 -1 0 0 0 0 0 0
0 1 0 0 0 0 0 0
0 0 -1 0 0 0 0 0
0 0 1 0 0 0 0 0
0 0 0 -1 0 0 0 0
0 0 0 1 0 0 0 0
0 0 0 0 -1 0 0 0
0 0 0 0 1 0 0 0
0 0 0 0 0 -1 0 0
0 0 0 0 0 1 0 0
0 0 0 0 0 0 -1 0
0 0 0 0 0 0 1 0
0 0 0 0 0 0 0 -1
0 0 0 0 0 0 0 1
-0.785282215725071
0.787282215725071
-0.5759407982799859
0.5779407982799859
0.057862904952612815
-0.05586290495261281
0.5223535073177136
-0.5203535073177136
-0.1221994229327863
0.1241994229327863
-0.45885096521611446
0.46085096521611446
-0.2722461642608799
0.2742461642608799
-0.027137560791330673
0.029137560791330674
