16 8
-1 0 0 0 0 0 0 0
1 0 0 0 0 0 0 0
0 -1 0 0 0 0 0 0
0 1 0 0 0 0 0 0
0 0 -1 0 0 0 0 0
0 0 1 0 0 0 0 0
0 0 0 -1 0 0 0 0
0 0 0 1 0 0 0 0
0 0 0 0 -1 0 0 0
0 0 0 0 1 0 0 0
0 0 0 0 0 -1 0 0
0 0 0 0 0 1 0 0
0 0 0 0 0 0 -1 0
0 0 0 0 0 0 1 0
0 0 0 0 0 0 0 -1
0 0 0 0 0 0 0 1
-0.786182215725071
0.7863822157250709
-0.5768407982799859
0.5770407982799859
0.05696290495261282
-0.05676290495261281
0.5214535073177136
-0.5212535073177136
-0.12309942293278629
0.1232994229327863
-0.45975096521611447
0.45995096521611445
-0.2731461642608799
0.2733461642608799
-0.028037560791330674
0.028237560791330673
