16 8
-1 0 0 0 0 0 0 0
1 0 0 0 0 0 0 0
0 -1 0 0 0 0 0 0
0 1 0 0 0 0 0 0
0 0 -1 0 0 0 0 0
0 0 1 0 0 0 0 0
0 0 0 -1 0 0 0 0
0 0 0 1 0 0 0 0
0 0 0 0 -1 0 0 0
0 0 0 0 1 0 0 0
0 0 0 0 0 -1 0 0
0 0 0 0 0 1 0 0
0 0 0 0 0 0 -1 0
0 0 0 0 0 0 1 0
0 0 0 0 0 0 0 -1
0 0 0 0 0 0 0 1
-0.776282215725071
0.796282215725071
-0.5669407982799859
0.5869407982799859
0.06686290495261281
-0.04686290495261281
0.5313535073177136
-0.5113535073177136
-0.1131994229327863
0.1331994229327863
-0.44985096521611445
0.46985096521611447
-0.2632461642608799
0.2832461642608799
-0.01813756079133067
0.038137560791330676
