16 8
-1 0 0 0 0 0 0 0
1 0 0 0 0 0 0 0
0 -1 0 0 0 0 0 0
0 1 0 0 0 0 0 0
0 0 -1 0 0 0 0 0
0 0 1 0 0 0 0 0
0 0 0 -1 0 0 0 0
0 0 0 1 0 0 0 0
0 0 0 0 -1 0 0 0
0 0 0 0 1 0 0 0
0 0 0 0 0 -1 0 0
0 0 0 0 0 1 0 0
0 0 0 0 0 0 -1 0
0 0 0 0 0 0 1 0
0 0 0 0 0 0 0 -1
0 0 0 0 0 0 0 1
-0.686282215725071
0.8862822157250709
-0.4769407982799859
0.6769407982799859
0.15686290495261282
0.04313709504738719
0.6213535073177135
-0.4213535073177136
-0.02319942293278629
0.2231994229327863
-0.3598509652161145
0.5598509652161144
-0.17324616426087988
0.37324616426087986
0.07186243920866933
0.12813756079133068
