16 8
-1 0 0 0 0 0 0 0
1 0 0 0 0 0 0 0
0 -1 0 0 0 0 0 0
0 1 0 0 0 0 0 0
0 0 -1 0 0 0 0 0
0 0 1 0 0 0 0 0
0 0 0 -1 0 0 0 0
0 0 0 1 0 0 0 0
0 0 0 0 -1 0 0 0
0 0 0 0 1 0 0 0
0 0 0 0 0 -1 0 0
0 0 0 0 0 1 0 0
0 0 0 0 0 0 -1 0
0 0 0 0 0 0 1 0
0 0 0 0 0 0 0 -1
0 0 0 0 0 0 0 1
0.21371778427492905
1.786282215725071
0.4230592017200141
1.576940798279986
1.0568629049526128
0.9431370950473872
1.5213535073177136
0.47864649268228643
0.8768005770672137
1.1231994229327862
0.5401490347838855
1.4598509652161145
0.7267538357391201
1.2732461642608799
0.9718624392086693
1.0281375607913308
