16 8
-1 0 0 0 0 0 0 0
1 0 0 0 0 0 0 0
0 -1 0 0 0 0 0 0
0 1 0 0 0 0 0 0
0 0 -1 0 0 0 0 0
0 0 1 0 0 0 0 0
0 0 0 -1 0 0 0 0
0 0 0 1 0 0 0 0
0 0 0 0 -1 0 0 0
0 0 0 0 1 0 0 0
0 0 0 0 0 -1 0 0
0 0 0 0 0 1 0 0
0 0 0 0 0 0 -1 0
0 0 0 0 0 0 1 0
0 0 0 0 0 0 0 -1
0 0 0 0 0 0 0 1
0.8654592621474617
-0.8454592621474617
-0.521557189910547
0.541557189910547
0.17778467722969693
-0.1577846772296969
0.7762541699016239
-0.7562541699016239
0.10994918046621681
-0.08994918046621682
-0.833992832559264
0.8539928325592641
-0.35132084511808603
0.37132084511808605
-0.4425939317647196
0.46259393176471963
