16 8
-1 0 0 0 0 0 0 0
1 0 0 0 0 0 0 0
0 -1 0 0 0 0 0 0
0 1 0 0 0 0 0 0
0 0 -1 0 0 0 0 0
0 0 1 0 0 0 0 0
0 0 0 -1 0 0 0 0
0 0 0 1 0 0 0 0
0 0 0 0 -1 0 0 0
0 0 0 0 1 0 0 0
0 0 0 0 0 -1 0 0
0 0 0 0 0 1 0 0
0 0 0 0 0 0 -1 0
0 0 0 0 0 0 1 0
0 0 0 0 0 0 0 -1
0 0 0 0 0 0 0 1
1.8554592621474617
0.1445407378525383
0.468442810089453
1.5315571899105471
1.167784677229697
0.8322153227703031
1.7662541699016239
0.23374583009837613
1.0999491804662167
0.9000508195337832
0.15600716744073595
1.843992832559264
0.638679154881914
1.361320845118086
0.5474060682352804
1.4525939317647196
