16 8
-1 0 0 0 0 0 0 0
1 0 0 0 0 0 0 0
0 -1 0 0 0 0 0 0
0 1 0 0 0 0 0 0
0 0 -1 0 0 0 0 0
0 0 1 0 0 0 0 0
0 0 0 -1 0 0 0 0
0 0 0 1 0 0 0 0
0 0 0 0 -1 0 0 0
0 0 0 0 1 0 0 0
0 0 0 0 0 -1 0 0
0 0 0 0 0 1 0 0
0 0 0 0 0 0 -1 0
0 0 0 0 0 0 1 0
0 0 0 0 0 0 0 -1
0 0 0 0 0 0 0 1
0.9554592621474617
-0.7554592621474617
-0.43155718991054703
0.631557189910547
0.2677846772296969
-0.06778467722969692
0.8662541699016238
-0.6662541699016239
0.19994918046621682
5.081953378319182e-05
-0.7439928325592641
0.943992832559264
-0.26132084511808606
0.461320845118086
-0.35259393176471965
0.5525939317647196
