16 8
-1 0 0 0 0 0 0 0
1 0 0 0 0 0 0 0
0 -1 0 0 0 0 0 0
0 1 0 0 0 0 0 0
0 0 -1 0 0 0 0 0
0 0 1 0 0 0 0 0
0 0 0 -1 0 0 0 0
0 0 0 1 0 0 0 0
0 0 0 0 -1 0 0 0
0 0 0 0 1 0 0 0
0 0 0 0 0 -1 0 0
0 0 0 0 0 1 0 0
0 0 0 0 0 0 -1 0
0 0 0 0 0 0 1 0
0 0 0 0 0 0 0 -1
0 0 0 0 0 0 0 1
0.8555592621474617
-0.8553592621474617
-0.531457189910547
0.531657189910547
0.1678846772296969
-0.16768467722969693
0.7663541699016239
-0.7661541699016239
0.10004918046621682
-0.09984918046621681
-0.8438928325592641
0.844092832559264
-0.36122084511808605
0.36142084511808603
-0.45249393176471964
0.4526939317647196
