16 8
-1 0 0 0 0 0 0 0
1 0 0 0 0 0 0 0
0 -1 0 0 0 0 0 0
0 1 0 0 0 0 0 0
0 0 -1 0 0 0 0 0
0 0 1 0 0 0 0 0
0 0 0 -1 0 0 0 0
0 0 0 1 0 0 0 0
0 0 0 0 -1 0 0 0
0 0 0 0 1 0 0 0
0 0 0 0 0 -1 0 0
0 0 0 0 0 1 0 0
0 0 0 0 0 0 -1 0
0 0 0 0 0 0 1 0
0 0 0 0 0 0 0 -1
0 0 0 0 0 0 0 1
0.8564592621474617
-0.8544592621474617
-0.530557189910547
0.532557189910547
0.16878467722969692
-0.16678467722969692
0.7672541699016239
-0.7652541699016239
0.10094918046621681
-0.09894918046621681
-0.842992832559264
0.844992832559264
-0.36032084511808604
0.36232084511808604
-0.4515939317647196
0.4535939317647196
