16 8
-1 0 0 0 0 0 0 0
1 0 0 0 0 0 0 0
0 -1 0 0 0 0 0 0
0 1 0 0 0 0 0 0
0 0 -1 0 0 0 0 0
0 0 1 0 0 0 0 0
0 0 0 -1 0 0 0 0
0 0 0 1 0 0 0 0
0 0 0 0 -1 0 0 0
0 0 0 0 1 0 0 0
0 0 0 0 0 -1 0 0
0 0 0 0 0 1 0 0
0 0 0 0 0 0 -1 0
0 0 0 0 0 0 1 0
0 0 0 0 0 0 0 -1
0 0 0 0 0 0 0 1
1.7475954554274187
0.2524045445725813
0.6559499468451044
1.3440500531548956
0.4051783380657593
1.5948216619342408
0.6739150987186532
1.3260849012813467
0.900162419279607
1.099837580720393
0.3055187652025987
1.6944812347974012
1.8104467702997424
0.18955322970025756
0.23940759289617242
1.7605924071038275
