16 8
-1 0 0 0 0 0 0 0
1 0 0 0 0 0 0 0
0 -1 0 0 0 0 0 0
0 1 0 0 0 0 0 0
0 0 -1 0 0 0 0 0
0 0 1 0 0 0 0 0
0 0 0 -1 0 0 0 0
0 0 0 1 0 0 0 0
0 0 0 0 -1 0 0 0
0 0 0 0 1 0 0 0
0 0 0 0 0 -1 0 0
0 0 0 0 0 1 0 0
0 0 0 0 0 0 -1 0
0 0 0 0 0 0 1 0
0 0 0 0 0 0 0 -1
0 0 0 0 0 0 0 1
0.7575954554274187
-0.7375954554274187
-0.33405005315489555
0.35405005315489557
-0.5848216619342407
0.6048216619342407
-0.3160849012813468
0.3360849012813468
-0.08983758072039295
0.10983758072039294
-0.6844812347974013
0.7044812347974013
0.8204467702997424
-0.8004467702997424
-0.7505924071038276
0.7705924071038276
