16 8
-1 0 0 0 0 0 0 0
1 0 0 0 0 0 0 0
0 -1 0 0 0 0 0 0
0 1 0 0 0 0 0 0
0 0 -1 0 0 0 0 0
0 0 1 0 0 0 0 0
0 0 0 -1 0 0 0 0
0 0 0 1 0 0 0 0
0 0 0 0 -1 0 0 0
0 0 0 0 1 0 0 0
0 0 0 0 0 -1 0 0
0 0 0 0 0 1 0 0
0 0 0 0 0 0 -1 0
0 0 0 0 0 0 1 0
0 0 0 0 0 0 0 -1
0 0 0 0 0 0 0 1
0.8475954554274187
-0.6475954554274187
-0.24405005315489556
0.44405005315489554
-0.4948216619342407
0.6948216619342407
-0.2260849012813468
0.4260849012813468
0.0001624192796070567
0.19983758072039295
-0.5944812347974013
0.7944812347974013
0.9104467702997424
-0.7104467702997425
-0.6605924071038276
0.8605924071038276
