16 8
-1 0 0 0 0 0 0 0
1 0 0 0 0 0 0 0
0 -1 0 0 0 0 0 0
0 1 0 0 0 0 0 0
0 0 -1 0 0 0 0 0
0 0 1 0 0 0 0 0
0 0 0 -1 0 0 0 0
0 0 0 1 0 0 0 0
0 0 0 0 -1 0 0 0
0 0 0 0 1 0 0 0
0 0 0 0 0 -1 0 0
0 0 0 0 0 1 0 0
0 0 0 0 0 0 -1 0
0 0 0 0 0 0 1 0
0 0 0 0 0 0 0 -1
0 0 0 0 0 0 0 1
0.7476954554274187
-0.7474954554274187
-0.3439500531548956
0.34415005315489555
-0.5947216619342407
0.5949216619342407
-0.32598490128134683
0.3261849012813468
-0.09973758072039295
0.09993758072039295
-0.6943812347974013
0.6945812347974013
0.8105467702997424
-0.8103467702997424
-0.7604924071038276
0.7606924071038276
