16 8
-1 0 0 0 0 0 0 0
1 0 0 0 0 0 0 0
0 -1 0 0 0 0 0 0
0 1 0 0 0 0 0 0
0 0 -1 0 0 0 0 0
0 0 1 0 0 0 0 0
0 0 0 -1 0 0 0 0
0 0 0 1 0 0 0 0
0 0 0 0 -1 0 0 0
0 0 0 0 1 0 0 0
0 0 0 0 0 -1 0 0
0 0 0 0 0 1 0 0
0 0 0 0 0 0 -1 0
0 0 0 0 0 0 1 0
0 0 0 0 0 0 0 -1
0 0 0 0 0 0 0 1
0.7485954554274187
-0.7465954554274187
-0.34305005315489556
0.34505005315489556
-0.5938216619342407
0.5958216619342407
-0.3250849012813468
0.3270849012813468
-0.09883758072039295
0.10083758072039295
-0.6934812347974013
0.6954812347974013
0.8114467702997424
-0.8094467702997424
-0.7595924071038276
0.7615924071038276
