20 10
-1 0 0 0 0 0 0 0 0 0
1 0 0 0 0 0 0 0 0 0
0 -1 0 0 0 0 0 0 0 0
0 1 0 0 0 0 0 0 0 0
0 0 -1 0 0 0 0 0 0 0
0 0 1 0 0 0 0 0 0 0
0 0 0 -1 0 0 0 0 0 0
0 0 0 1 0 0 0 0 0 0
0 0 0 0 -1 0 0 0 0 0
0 0 0 0 1 0 0 0 0 0
0 0 0 0 0 -1 0 0 0 0
0 0 0 0 0 1 0 0 0 0
0 0 0 0 0 0 -1 0 0 0
0 0 0 0 0 0 1 0 0 0
0 0 0 0 0 0 0 -1 0 0
0 0 0 0 0 0 0 1 0 0
0 0 0 0 0 0 0 0 -1 0
0 0 0 0 0 0 0 0 1 0
0 0 0 0 0 0 0 0 0 -1
0 0 0 0 0 0 0 0 0 1
0.8576834268707928
-0.6576834268707928
0.2571713634791587
-0.057171363479158716
0.3149210637289904
-0.11492106372899044
0.1529285237965984
0.0470714762034016
0.23180621499096257
-0.03180621499096256
-0.5241992599086592
0.7241992599086592
0.032298552353786786
0.16770144764621323
0.4610486924439222
-0.26104869244392226
0.735706213536007
-0.535706213536007
0.2605646874527081
-0.06056468745270813
