20 10
-1 0 0 0 0 0 0 0 0 0
1 0 0 0 0 0 0 0 0 0
0 -1 0 0 0 0 0 0 0 0
0 1 0 0 0 0 0 0 0 0
0 0 -1 0 0 0 0 0 0 0
0 0 1 0 0 0 0 0 0 0
0 0 0 -1 0 0 0 0 0 0
0 0 0 1 0 0 0 0 0 0
0 0 0 0 -1 0 0 0 0 0
0 0 0 0 1 0 0 0 0 0
0 0 0 0 0 -1 0 0 0 0
0 0 0 0 0 1 0 0 0 0
0 0 0 0 0 0 -1 0 0 0
0 0 0 0 0 0 1 0 0 0
0 0 0 0 0 0 0 -1 0 0
0 0 0 0 0 0 0 1 0 0
0 0 0 0 0 0 0 0 -1 0
0 0 0 0 0 0 0 0 1 0
0 0 0 0 0 0 0 0 0 -1
0 0 0 0 0 0 0 0 0 1
0.7586834268707928
-0.7566834268707928
0.15817136347915872
-0.15617136347915872
0.21592106372899045
-0.21392106372899045
0.053928523796598404
-0.0519285237965984
0.13280621499096257
-0.13080621499096257
-0.6231992599086592
0.6251992599086592
-0.06670144764621322
0.06870144764621322
0.36204869244392224
-0.36004869244392224
0.636706213536007
-0.634706213536007
0.16156468745270813
-0.15956468745270813
