20 10
-1 0 0 0 0 0 0 0 0 0
1 0 0 0 0 0 0 0 0 0
0 -1 0 0 0 0 0 0 0 0
0 1 0 0 0 0 0 0 0 0
0 0 -1 0 0 0 0 0 0 0
0 0 1 0 0 0 0 0 0 0
0 0 0 -1 0 0 0 0 0 0
0 0 0 1 0 0 0 0 0 0
0 0 0 0 -1 0 0 0 0 0
0 0 0 0 1 0 0 0 0 0
0 0 0 0 0 -1 0 0 0 0
0 0 0 0 0 1 0 0 0 0
0 0 0 0 0 0 -1 0 0 0
0 0 0 0 0 0 1 0 0 0
0 0 0 0 0 0 0 -1 0 0
0 0 0 0 0 0 0 1 0 0
0 0 0 0 0 0 0 0 -1 0
0 0 0 0 0 0 0 0 1 0
0 0 0 0 0 0 0 0 0 -1
0 0 0 0 0 0 0 0 0 1
0.7577834268707928
-0.7575834268707928
0.1572713634791587
-0.15707136347915873
0.21502106372899044
-0.21482106372899046
0.053028523796598406
-0.0528285237965984
0.13190621499096256
-0.13170621499096258
-0.6240992599086592
0.6242992599086592
-0.06760144764621322
0.06780144764621322
0.3611486924439222
-0.36094869244392225
0.635806213536007
-0.635606213536007
0.16066468745270812
-0.16046468745270814
