20 10
-1 0 0 0 0 0 0 0 0 0
1 0 0 0 0 0 0 0 0 0
0 -1 0 0 0 0 0 0 0 0
0 1 0 0 0 0 0 0 0 0
0 0 -1 0 0 0 0 0 0 0
0 0 1 0 0 0 0 0 0 0
0 0 0 -1 0 0 0 0 0 0
0 0 0 1 0 0 0 0 0 0
0 0 0 0 -1 0 0 0 0 0
0 0 0 0 1 0 0 0 0 0
0 0 0 0 0 -1 0 0 0 0
0 0 0 0 0 1 0 0 0 0
0 0 0 0 0 0 -1 0 0 0
0 0 0 0 0 0 1 0 0 0
0 0 0 0 0 0 0 -1 0 0
0 0 0 0 0 0 0 1 0 0
0 0 0 0 0 0 0 0 -1 0
0 0 0 0 0 0 0 0 1 0
0 0 0 0 0 0 0 0 0 -1
0 0 0 0 0 0 0 0 0 1
0.7676834268707928
-0.7476834268707928
0.16717136347915873
-0.1471713634791587
0.22492106372899046
-0.20492106372899044
0.0629285237965984
-0.0429285237965984
0.14180621499096258
-0.12180621499096257
-0.6141992599086592
0.6341992599086592
-0.05770144764621322
0.07770144764621321
0.37104869244392225
-0.35104869244392223
0.645706213536007
-0.625706213536007
0.17056468745270814
-0.15056468745270812
