20 10
-1 0 0 0 0 0 0 0 0 0
1 0 0 0 0 0 0 0 0 0
0 -1 0 0 0 0 0 0 0 0
0 1 0 0 0 0 0 0 0 0
0 0 -1 0 0 0 0 0 0 0
0 0 1 0 0 0 0 0 0 0
0 0 0 -1 0 0 0 0 0 0
0 0 0 1 0 0 0 0 0 0
0 0 0 0 -1 0 0 0 0 0
0 0 0 0 1 0 0 0 0 0
0 0 0 0 0 -1 0 0 0 0
0 0 0 0 0 1 0 0 0 0
0 0 0 0 0 0 -1 0 0 0
0 0 0 0 0 0 1 0 0 0
0 0 0 0 0 0 0 -1 0 0
0 0 0 0 0 0 0 1 0 0
0 0 0 0 0 0 0 0 -1 0
0 0 0 0 0 0 0 0 1 0
0 0 0 0 0 0 0 0 0 -1
0 0 0 0 0 0 0 0 0 1
-0.42639098893080735
0.44639098893080736
-0.6150845946313439
0.6350845946313439
0.6864286536605244
-0.6664286536605244
0.13676341579121476
-0.11676341579121476
-0.48559273064490505
0.5055927306449051
-0.5838643692139656
0.6038643692139656
-0.11256103713951261
0.13256103713951262
0.11451893072141293
-0.09451893072141294
-0.06480097445414336
0.08480097445414335
-0.629061402077181
0.649061402077181
