20 10
-1 0 0 0 0 0 0 0 0 0
1 0 0 0 0 0 0 0 0 0
0 -1 0 0 0 0 0 0 0 0
0 1 0 0 0 0 0 0 0 0
0 0 -1 0 0 0 0 0 0 0
0 0 1 0 0 0 0 0 0 0
0 0 0 -1 0 0 0 0 0 0
0 0 0 1 0 0 0 0 0 0
0 0 0 0 -1 0 0 0 0 0
0 0 0 0 1 0 0 0 0 0
0 0 0 0 0 -1 0 0 0 0
0 0 0 0 0 1 0 0 0 0
0 0 0 0 0 0 -1 0 0 0
0 0 0 0 0 0 1 0 0 0
0 0 0 0 0 0 0 -1 0 0
0 0 0 0 0 0 0 1 0 0
0 0 0 0 0 0 0 0 -1 0
0 0 0 0 0 0 0 0 1 0
0 0 0 0 0 0 0 0 0 -1
0 0 0 0 0 0 0 0 0 1
-0.3363909889308073
0.5363909889308074
-0.5250845946313439
0.7250845946313439
0.7764286536605244
-0.5764286536605244
0.22676341579121476
-0.026763415791214745
-0.3955927306449051
0.595592730644905
-0.4938643692139656
0.6938643692139655
-0.022561037139512602
0.2225610371395126
0.20451893072141294
-0.004518930721412934
0.02519902554585665
0.17480097445414336
-0.539061402077181
0.739061402077181
