20 10
-1 0 0 0 0 0 0 0 0 0
1 0 0 0 0 0 0 0 0 0
0 -1 0 0 0 0 0 0 0 0
0 1 0 0 0 0 0 0 0 0
0 0 -1 0 0 0 0 0 0 0
0 0 1 0 0 0 0 0 0 0
0 0 0 -1 0 0 0 0 0 0
0 0 0 1 0 0 0 0 0 0
0 0 0 0 -1 0 0 0 0 0
0 0 0 0 1 0 0 0 0 0
0 0 0 0 0 -1 0 0 0 0
0 0 0 0 0 1 0 0 0 0
0 0 0 0 0 0 -1 0 0 0
0 0 0 0 0 0 1 0 0 0
0 0 0 0 0 0 0 -1 0 0
0 0 0 0 0 0 0 1 0 0
0 0 0 0 0 0 0 0 -1 0
0 0 0 0 0 0 0 0 1 0
0 0 0 0 0 0 0 0 0 -1
0 0 0 0 0 0 0 0 0 1
-0.43629098893080737
0.43649098893080734
-0.6249845946313439
0.6251845946313439
0.6765286536605244
-0.6763286536605244
0.12686341579121474
-0.12666341579121476
-0.49549273064490507
0.49569273064490504
-0.5937643692139656
0.5939643692139656
-0.1224610371395126
0.12266103713951261
0.10461893072141294
-0.10441893072141294
-0.07470097445414335
0.07490097445414336
-0.638961402077181
0.639161402077181
