20 10
-1 0 0 0 0 0 0 0 0 0
1 0 0 0 0 0 0 0 0 0
0 -1 0 0 0 0 0 0 0 0
0 1 0 0 0 0 0 0 0 0
0 0 -1 0 0 0 0 0 0 0
0 0 1 0 0 0 0 0 0 0
0 0 0 -1 0 0 0 0 0 0
0 0 0 1 0 0 0 0 0 0
0 0 0 0 -1 0 0 0 0 0
0 0 0 0 1 0 0 0 0 0
0 0 0 0 0 -1 0 0 0 0
0 0 0 0 0 1 0 0 0 0
0 0 0 0 0 0 -1 0 0 0
0 0 0 0 0 0 1 0 0 0
0 0 0 0 0 0 0 -1 0 0
0 0 0 0 0 0 0 1 0 0
0 0 0 0 0 0 0 0 -1 0
0 0 0 0 0 0 0 0 1 0
0 0 0 0 0 0 0 0 0 -1
0 0 0 0 0 0 0 0 0 1
-0.43539098893080735
0.43739098893080736
-0.6240845946313439
0.6260845946313439
0.6774286536605244
-0.6754286536605244
0.12776341579121475
-0.12576341579121475
-0.49459273064490505
0.49659273064490506
-0.5928643692139656
0.5948643692139656
-0.1215610371395126
0.12356103713951261
0.10551893072141294
-0.10351893072141294
-0.07380097445414335
0.07580097445414335
-0.638061402077181
0.640061402077181
