20 10
-1 0 0 0 0 0 0 0 0 0
1 0 0 0 0 0 0 0 0 0
0 -1 0 0 0 0 0 0 0 0
0 1 0 0 0 0 0 0 0 0
0 0 -1 0 0 0 0 0 0 0
0 0 1 0 0 0 0 0 0 0
0 0 0 -1 0 0 0 0 0 0
0 0 0 1 0 0 0 0 0 0
0 0 0 0 -1 0 0 0 0 0
0 0 0 0 1 0 0 0 0 0
0 0 0 0 0 -1 0 0 0 0
0 0 0 0 0 1 0 0 0 0
0 0 0 0 0 0 -1 0 0 0
0 0 0 0 0 0 1 0 0 0
0 0 0 0 0 0 0 -1 0 0
0 0 0 0 0 0 0 1 0 0
0 0 0 0 0 0 0 0 -1 0
0 0 0 0 0 0 0 0 1 0
0 0 0 0 0 0 0 0 0 -1
0 0 0 0 0 0 0 0 0 1
0.10783354706320192
-0.10583354706320192
-0.13485622005781017
0.13685622005781017
-0.44958830485332024
0.45158830485332024
-0.033407427783828214
0.035407427783828216
-0.7459344276093908
0.7479344276093908
0.1318988991586426
-0.1298988991586426
-0.306651810407974
0.308651810407974
0.5769505697628833
-0.5749505697628833
-0.4689667117533997
0.4709667117533997
0.26965338785269954
-0.26765338785269954
