20 10
-1 0 0 0 0 0 0 0 0 0
1 0 0 0 0 0 0 0 0 0
0 -1 0 0 0 0 0 0 0 0
0 1 0 0 0 0 0 0 0 0
0 0 -1 0 0 0 0 0 0 0
0 0 1 0 0 0 0 0 0 0
0 0 0 -1 0 0 0 0 0 0
0 0 0 1 0 0 0 0 0 0
0 0 0 0 -1 0 0 0 0 0
0 0 0 0 1 0 0 0 0 0
0 0 0 0 0 -1 0 0 0 0
0 0 0 0 0 1 0 0 0 0
0 0 0 0 0 0 -1 0 0 0
0 0 0 0 0 0 1 0 0 0
0 0 0 0 0 0 0 -1 0 0
0 0 0 0 0 0 0 1 0 0
0 0 0 0 0 0 0 0 -1 0
0 0 0 0 0 0 0 0 1 0
0 0 0 0 0 0 0 0 0 -1
0 0 0 0 0 0 0 0 0 1
1.1068335470632018
0.8931664529367981
0.8641437799421898
1.1358562200578102
0.5494116951466798
1.4505883048533201
0.9655925722161718
1.0344074277838282
0.25306557239060923
1.7469344276093908
1.1308988991586426
0.8691011008413574
0.692348189592026
1.307651810407974
1.5759505697628833
0.4240494302371167
0.5300332882466003
1.4699667117533997
1.2686533878526995
0.7313466121473005
