20 10
-1 0 0 0 0 0 0 0 0 0
1 0 0 0 0 0 0 0 0 0
0 -1 0 0 0 0 0 0 0 0
0 1 0 0 0 0 0 0 0 0
0 0 -1 0 0 0 0 0 0 0
0 0 1 0 0 0 0 0 0 0
0 0 0 -1 0 0 0 0 0 0
0 0 0 1 0 0 0 0 0 0
0 0 0 0 -1 0 0 0 0 0
0 0 0 0 1 0 0 0 0 0
0 0 0 0 0 -1 0 0 0 0
0 0 0 0 0 1 0 0 0 0
0 0 0 0 0 0 -1 0 0 0
0 0 0 0 0 0 1 0 0 0
0 0 0 0 0 0 0 -1 0 0
0 0 0 0 0 0 0 1 0 0
0 0 0 0 0 0 0 0 -1 0
0 0 0 0 0 0 0 0 1 0
0 0 0 0 0 0 0 0 0 -1
0 0 0 0 0 0 0 0 0 1
0.11683354706320191
-0.09683354706320192
-0.12585622005781016
0.14585622005781018
-0.44058830485332023
0.46058830485332025
-0.024407427783828213
0.04440742778382822
-0.7369344276093908
0.7569344276093908
0.14089889915864262
-0.12089889915864262
-0.297651810407974
0.317651810407974
0.5859505697628833
-0.5659505697628833
-0.4599667117533997
0.4799667117533997
0.27865338785269955
-0.25865338785269953
