20 10
-1 0 0 0 0 0 0 0 0 0
1 0 0 0 0 0 0 0 0 0
0 -1 0 0 0 0 0 0 0 0
0 1 0 0 0 0 0 0 0 0
0 0 -1 0 0 0 0 0 0 0
0 0 1 0 0 0 0 0 0 0
0 0 0 -1 0 0 0 0 0 0
0 0 0 1 0 0 0 0 0 0
0 0 0 0 -1 0 0 0 0 0
0 0 0 0 1 0 0 0 0 0
0 0 0 0 0 -1 0 0 0 0
0 0 0 0 0 1 0 0 0 0
0 0 0 0 0 0 -1 0 0 0
0 0 0 0 0 0 1 0 0 0
0 0 0 0 0 0 0 -1 0 0
0 0 0 0 0 0 0 1 0 0
0 0 0 0 0 0 0 0 -1 0
0 0 0 0 0 0 0 0 1 0
0 0 0 0 0 0 0 0 0 -1
0 0 0 0 0 0 0 0 0 1
0.20683354706320192
-0.006833547063201911
-0.03585622005781017
0.23585622005781018
-0.35058830485332027
0.5505883048533202
0.06559257221617179
0.13440742778382822
-0.6469344276093908
0.8469344276093907
0.23089889915864262
-0.030898899158642606
-0.207651810407974
0.40765181040797405
0.6759505697628833
-0.4759505697628833
-0.3699667117533997
0.5699667117533997
0.3686533878526995
-0.16865338785269954
