20 10
-1 0 0 0 0 0 0 0 0 0
1 0 0 0 0 0 0 0 0 0
0 -1 0 0 0 0 0 0 0 0
0 1 0 0 0 0 0 0 0 0
0 0 -1 0 0 0 0 0 0 0
0 0 1 0 0 0 0 0 0 0
0 0 0 -1 0 0 0 0 0 0
0 0 0 1 0 0 0 0 0 0
0 0 0 0 -1 0 0 0 0 0
0 0 0 0 1 0 0 0 0 0
0 0 0 0 0 -1 0 0 0 0
0 0 0 0 0 1 0 0 0 0
0 0 0 0 0 0 -1 0 0 0
0 0 0 0 0 0 1 0 0 0
0 0 0 0 0 0 0 -1 0 0
0 0 0 0 0 0 0 1 0 0
0 0 0 0 0 0 0 0 -1 0
0 0 0 0 0 0 0 0 1 0
0 0 0 0 0 0 0 0 0 -1
0 0 0 0 0 0 0 0 0 1
0.10693354706320192
-0.10673354706320191
-0.13575622005781018
0.13595622005781016
-0.45048830485332025
0.45068830485332023
-0.03430742778382821
0.03450742778382822
-0.7468344276093908
0.7470344276093908
0.1309988991586426
-0.13079889915864262
-0.307551810407974
0.307751810407974
0.5760505697628833
-0.5758505697628833
-0.4698667117533997
0.4700667117533997
0.26875338785269953
-0.26855338785269955
