20 10
-1 0 0 0 0 0 0 0 0 0
1 0 0 0 0 0 0 0 0 0
0 -1 0 0 0 0 0 0 0 0
0 1 0 0 0 0 0 0 0 0
0 0 -1 0 0 0 0 0 0 0
0 0 1 0 0 0 0 0 0 0
0 0 0 -1 0 0 0 0 0 0
0 0 0 1 0 0 0 0 0 0
0 0 0 0 -1 0 0 0 0 0
0 0 0 0 1 0 0 0 0 0
0 0 0 0 0 -1 0 0 0 0
0 0 0 0 0 1 0 0 0 0
0 0 0 0 0 0 -1 0 0 0
0 0 0 0 0 0 1 0 0 0
0 0 0 0 0 0 0 -1 0 0
0 0 0 0 0 0 0 1 0 0
0 0 0 0 0 0 0 0 -1 0
0 0 0 0 0 0 0 0 1 0
0 0 0 0 0 0 0 0 0 -1
0 0 0 0 0 0 0 0 0 1
-0.0038166345407124494
0.0040166345407124495
-0.2429730644446645
0.24317306444466447
0.5039962208366364
-0.5037962208366364
-0.11708036290624634
0.11728036290624634
0.7639395538004385
-0.7637395538004386
0.09420407959257483
-0.09400407959257483
-0.7726073384756632
0.7728073384756632
-0.7427216926273704
0.7429216926273704
-0.5479545163099664
0.5481545163099664
0.49014001138223917
-0.4899400113822392
