20 10
-1 0 0 0 0 0 0 0 0 0
1 0 0 0 0 0 0 0 0 0
0 -1 0 0 0 0 0 0 0 0
0 1 0 0 0 0 0 0 0 0
0 0 -1 0 0 0 0 0 0 0
0 0 1 0 0 0 0 0 0 0
0 0 0 -1 0 0 0 0 0 0
0 0 0 1 0 0 0 0 0 0
0 0 0 0 -1 0 0 0 0 0
0 0 0 0 1 0 0 0 0 0
0 0 0 0 0 -1 0 0 0 0
0 0 0 0 0 1 0 0 0 0
0 0 0 0 0 0 -1 0 0 0
0 0 0 0 0 0 1 0 0 0
0 0 0 0 0 0 0 -1 0 0
0 0 0 0 0 0 0 1 0 0
0 0 0 0 0 0 0 0 -1 0
0 0 0 0 0 0 0 0 1 0
0 0 0 0 0 0 0 0 0 -1
0 0 0 0 0 0 0 0 0 1
0.09608336545928756
0.10391663454071245
-0.14307306444466447
0.34307306444466446
0.6038962208366364
-0.40389622083663645
-0.017180362906246333
0.21718036290624634
0.8638395538004385
-0.6638395538004386
0.19410407959257484
0.005895920407425176
-0.6727073384756632
0.8727073384756632
-0.6428216926273704
0.8428216926273704
-0.4480545163099664
0.6480545163099664
0.5900400113822392
-0.3900400113822392
