20 10
-1 0 0 0 0 0 0 0 0 0
1 0 0 0 0 0 0 0 0 0
0 -1 0 0 0 0 0 0 0 0
0 1 0 0 0 0 0 0 0 0
0 0 -1 0 0 0 0 0 0 0
0 0 1 0 0 0 0 0 0 0
0 0 0 -1 0 0 0 0 0 0
0 0 0 1 0 0 0 0 0 0
0 0 0 0 -1 0 0 0 0 0
0 0 0 0 1 0 0 0 0 0
0 0 0 0 0 -1 0 0 0 0
0 0 0 0 0 1 0 0 0 0
0 0 0 0 0 0 -1 0 0 0
0 0 0 0 0 0 1 0 0 0
0 0 0 0 0 0 0 -1 0 0
0 0 0 0 0 0 0 1 0 0
0 0 0 0 0 0 0 0 -1 0
0 0 0 0 0 0 0 0 1 0
0 0 0 0 0 0 0 0 0 -1
0 0 0 0 0 0 0 0 0 1
0.006083365459287551
0.01391663454071245
-0.23307306444466447
0.2530730644446645
0.5138962208366364
-0.4938962208366364
-0.10718036290624634
0.12718036290624635
0.7738395538004386
-0.7538395538004385
0.10410407959257482
-0.08410407959257483
-0.7627073384756632
0.7827073384756632
-0.7328216926273704
0.7528216926273704
-0.5380545163099664
0.5580545163099664
0.5000400113822392
-0.4800400113822392
