20 10
-1 0 0 0 0 0 0 0 0 0
1 0 0 0 0 0 0 0 0 0
0 -1 0 0 0 0 0 0 0 0
0 1 0 0 0 0 0 0 0 0
0 0 -1 0 0 0 0 0 0 0
0 0 1 0 0 0 0 0 0 0
0 0 0 -1 0 0 0 0 0 0
0 0 0 1 0 0 0 0 0 0
0 0 0 0 -1 0 0 0 0 0
0 0 0 0 1 0 0 0 0 0
0 0 0 0 0 -1 0 0 0 0
0 0 0 0 0 1 0 0 0 0
0 0 0 0 0 0 -1 0 0 0
0 0 0 0 0 0 1 0 0 0
0 0 0 0 0 0 0 -1 0 0
0 0 0 0 0 0 0 1 0 0
0 0 0 0 0 0 0 0 -1 0
0 0 0 0 0 0 0 0 1 0
0 0 0 0 0 0 0 0 0 -1
0 0 0 0 0 0 0 0 0 1
-0.002916634540712449
0.004916634540712449
-0.24207306444466448
0.24407306444466448
0.5048962208366364
-0.5028962208366364
-0.11618036290624634
0.11818036290624634
0.7648395538004386
-0.7628395538004386
0.09510407959257483
-0.09310407959257483
-0.7717073384756632
0.7737073384756632
-0.7418216926273704
0.7438216926273704
-0.5470545163099664
0.5490545163099664
0.4910400113822392
-0.4890400113822392
