20 10
-1 0 0 0 0 0 0 0 0 0
1 0 0 0 0 0 0 0 0 0
0 -1 0 0 0 0 0 0 0 0
0 1 0 0 0 0 0 0 0 0
0 0 -1 0 0 0 0 0 0 0
0 0 1 0 0 0 0 0 0 0
0 0 0 -1 0 0 0 0 0 0
0 0 0 1 0 0 0 0 0 0
0 0 0 0 -1 0 0 0 0 0
0 0 0 0 1 0 0 0 0 0
0 0 0 0 0 -1 0 0 0 0
0 0 0 0 0 1 0 0 0 0
0 0 0 0 0 0 -1 0 0 0
0 0 0 0 0 0 1 0 0 0
0 0 0 0 0 0 0 -1 0 0
0 0 0 0 0 0 0 1 0 0
0 0 0 0 0 0 0 0 -1 0
0 0 0 0 0 0 0 0 1 0
0 0 0 0 0 0 0 0 0 -1
0 0 0 0 0 0 0 0 0 1
-0.5681549969689639
0.5701549969689639
-0.21502216306847277
0.21702216306847277
0.2996684721639772
-0.2976684721639772
-0.09671391690119968
0.09871391690119968
0.28497959603827805
-0.28297959603827805
0.6631915413990538
-0.6611915413990538
0.31674104201205233
-0.31474104201205233
0.11980073350331855
-0.11780073350331854
0.4717213906906811
-0.4697213906906811
0.22536231919281935
-0.22336231919281935
