20 10
-1 0 0 0 0 0 0 0 0 0
1 0 0 0 0 0 0 0 0 0
0 -1 0 0 0 0 0 0 0 0
0 1 0 0 0 0 0 0 0 0
0 0 -1 0 0 0 0 0 0 0
0 0 1 0 0 0 0 0 0 0
0 0 0 -1 0 0 0 0 0 0
0 0 0 1 0 0 0 0 0 0
0 0 0 0 -1 0 0 0 0 0
0 0 0 0 1 0 0 0 0 0
0 0 0 0 0 -1 0 0 0 0
0 0 0 0 0 1 0 0 0 0
0 0 0 0 0 0 -1 0 0 0
0 0 0 0 0 0 1 0 0 0
0 0 0 0 0 0 0 -1 0 0
0 0 0 0 0 0 0 1 0 0
0 0 0 0 0 0 0 0 -1 0
0 0 0 0 0 0 0 0 1 0
0 0 0 0 0 0 0 0 0 -1
0 0 0 0 0 0 0 0 0 1
-0.5690549969689639
0.5692549969689639
-0.21592216306847278
0.21612216306847276
0.2987684721639772
-0.2985684721639772
-0.09761391690119968
0.09781391690119969
0.28407959603827804
-0.28387959603827806
0.6622915413990538
-0.6620915413990538
0.3158410420120523
-0.31564104201205234
0.11890073350331855
-0.11870073350331854
0.4708213906906811
-0.4706213906906811
0.22446231919281934
-0.22426231919281936
