20 10
-1 0 0 0 0 0 0 0 0 0
1 0 0 0 0 0 0 0 0 0
0 -1 0 0 0 0 0 0 0 0
0 1 0 0 0 0 0 0 0 0
0 0 -1 0 0 0 0 0 0 0
0 0 1 0 0 0 0 0 0 0
0 0 0 -1 0 0 0 0 0 0
0 0 0 1 0 0 0 0 0 0
0 0 0 0 -1 0 0 0 0 0
0 0 0 0 1 0 0 0 0 0
0 0 0 0 0 -1 0 0 0 0
0 0 0 0 0 1 0 0 0 0
0 0 0 0 0 0 -1 0 0 0
0 0 0 0 0 0 1 0 0 0
0 0 0 0 0 0 0 -1 0 0
0 0 0 0 0 0 0 1 0 0
0 0 0 0 0 0 0 0 -1 0
0 0 0 0 0 0 0 0 1 0
0 0 0 0 0 0 0 0 0 -1
0 0 0 0 0 0 0 0 0 1
-0.5591549969689639
0.5791549969689639
-0.20602216306847276
0.22602216306847278
0.3086684721639772
-0.2886684721639772
-0.08771391690119969
0.10771391690119968
0.29397959603827806
-0.27397959603827804
0.6721915413990538
-0.6521915413990538
0.32574104201205234
-0.3057410420120523
0.12880073350331855
-0.10880073350331855
0.4807213906906811
-0.4607213906906811
0.23436231919281936
-0.21436231919281934
