20 10
-1 0 0 0 0 0 0 0 0 0
1 0 0 0 0 0 0 0 0 0
0 -1 0 0 0 0 0 0 0 0
0 1 0 0 0 0 0 0 0 0
0 0 -1 0 0 0 0 0 0 0
0 0 1 0 0 0 0 0 0 0
0 0 0 -1 0 0 0 0 0 0
0 0 0 1 0 0 0 0 0 0
0 0 0 0 -1 0 0 0 0 0
0 0 0 0 1 0 0 0 0 0
0 0 0 0 0 -1 0 0 0 0
0 0 0 0 0 1 0 0 0 0
0 0 0 0 0 0 -1 0 0 0
0 0 0 0 0 0 1 0 0 0
0 0 0 0 0 0 0 -1 0 0
0 0 0 0 0 0 0 1 0 0
0 0 0 0 0 0 0 0 -1 0
0 0 0 0 0 0 0 0 1 0
0 0 0 0 0 0 0 0 0 -1
0 0 0 0 0 0 0 0 0 1
-0.4691549969689639
0.6691549969689639
-0.11602216306847277
0.31602216306847275
0.39866847216397716
-0.19866847216397718
0.0022860830988003233
0.1977139169011997
0.383979596038278
-0.18397959603827804
0.7621915413990538
-0.5621915413990538
0.4157410420120523
-0.21574104201205233
0.21880073350331855
-0.01880073350331854
0.5707213906906811
-0.3707213906906811
0.3243623191928193
-0.12436231919281934
