20 10
-1 0 0 0 0 0 0 0 0 0
1 0 0 0 0 0 0 0 0 0
0 -1 0 0 0 0 0 0 0 0
0 1 0 0 0 0 0 0 0 0
0 0 -1 0 0 0 0 0 0 0
0 0 1 0 0 0 0 0 0 0
0 0 0 -1 0 0 0 0 0 0
0 0 0 1 0 0 0 0 0 0
0 0 0 0 -1 0 0 0 0 0
0 0 0 0 1 0 0 0 0 0
0 0 0 0 0 -1 0 0 0 0
0 0 0 0 0 1 0 0 0 0
0 0 0 0 0 0 -1 0 0 0
0 0 0 0 0 0 1 0 0 0
0 0 0 0 0 0 0 -1 0 0
0 0 0 0 0 0 0 1 0 0
0 0 0 0 0 0 0 0 -1 0
0 0 0 0 0 0 0 0 1 0
0 0 0 0 0 0 0 0 0 -1
0 0 0 0 0 0 0 0 0 1
-0.6415180759449506
0.6615180759449506
0.6843897857344365
-0.6643897857344365
-0.3433037706941625
0.36330377069416253
0.03790119131624003
-0.017901191316240024
-0.2407070786648816
0.26070707866488163
-0.08022863656099812
0.1002286365609981
0.1550463475386581
-0.13504634753865807
-0.11526209699129487
0.13526209699129488
-0.5509647711572281
0.5709647711572281
-0.6269286290115398
0.6469286290115398
