20 10
-1 0 0 0 0 0 0 0 0 0
1 0 0 0 0 0 0 0 0 0
0 -1 0 0 0 0 0 0 0 0
0 1 0 0 0 0 0 0 0 0
0 0 -1 0 0 0 0 0 0 0
0 0 1 0 0 0 0 0 0 0
0 0 0 -1 0 0 0 0 0 0
0 0 0 1 0 0 0 0 0 0
0 0 0 0 -1 0 0 0 0 0
0 0 0 0 1 0 0 0 0 0
0 0 0 0 0 -1 0 0 0 0
0 0 0 0 0 1 0 0 0 0
0 0 0 0 0 0 -1 0 0 0
0 0 0 0 0 0 1 0 0 0
0 0 0 0 0 0 0 -1 0 0
0 0 0 0 0 0 0 1 0 0
0 0 0 0 0 0 0 0 -1 0
0 0 0 0 0 0 0 0 1 0
0 0 0 0 0 0 0 0 0 -1
0 0 0 0 0 0 0 0 0 1
-0.6505180759449506
0.6525180759449506
0.6753897857344365
-0.6733897857344365
-0.3523037706941625
0.3543037706941625
0.028901191316240027
-0.026901191316240025
-0.24970707866488162
0.2517070786648816
-0.08922863656099811
0.09122863656099811
0.14604634753865808
-0.14404634753865808
-0.12426209699129487
0.12626209699129487
-0.5599647711572281
0.5619647711572281
-0.6359286290115398
0.6379286290115398
