20 10
-1 0 0 0 0 0 0 0 0 0
1 0 0 0 0 0 0 0 0 0
0 -1 0 0 0 0 0 0 0 0
0 1 0 0 0 0 0 0 0 0
0 0 -1 0 0 0 0 0 0 0
0 0 1 0 0 0 0 0 0 0
0 0 0 -1 0 0 0 0 0 0
0 0 0 1 0 0 0 0 0 0
0 0 0 0 -1 0 0 0 0 0
0 0 0 0 1 0 0 0 0 0
0 0 0 0 0 -1 0 0 0 0
0 0 0 0 0 1 0 0 0 0
0 0 0 0 0 0 -1 0 0 0
0 0 0 0 0 0 1 0 0 0
0 0 0 0 0 0 0 -1 0 0
0 0 0 0 0 0 0 1 0 0
0 0 0 0 0 0 0 0 -1 0
0 0 0 0 0 0 0 0 1 0
0 0 0 0 0 0 0 0 0 -1
0 0 0 0 0 0 0 0 0 1
-0.6514180759449506
0.6516180759449506
0.6744897857344365
-0.6742897857344365
-0.35320377069416253
0.3534037706941625
0.028001191316240025
-0.027801191316240027
-0.25060707866488163
0.2508070786648816
-0.09012863656099811
0.09032863656099811
0.14514634753865807
-0.1449463475386581
-0.12516209699129488
0.12536209699129486
-0.5608647711572281
0.5610647711572281
-0.6368286290115398
0.6370286290115398
