20 10
-1 0 0 0 0 0 0 0 0 0
1 0 0 0 0 0 0 0 0 0
0 -1 0 0 0 0 0 0 0 0
0 1 0 0 0 0 0 0 0 0
0 0 -1 0 0 0 0 0 0 0
0 0 1 0 0 0 0 0 0 0
0 0 0 -1 0 0 0 0 0 0
0 0 0 1 0 0 0 0 0 0
0 0 0 0 -1 0 0 0 0 0
0 0 0 0 1 0 0 0 0 0
0 0 0 0 0 -1 0 0 0 0
0 0 0 0 0 1 0 0 0 0
0 0 0 0 0 0 -1 0 0 0
0 0 0 0 0 0 1 0 0 0
0 0 0 0 0 0 0 -1 0 0
0 0 0 0 0 0 0 1 0 0
0 0 0 0 0 0 0 0 -1 0
0 0 0 0 0 0 0 0 1 0
0 0 0 0 0 0 0 0 0 -1
0 0 0 0 0 0 0 0 0 1
-0.5515180759449506
0.7515180759449506
0.7743897857344365
-0.5743897857344366
-0.25330377069416254
0.4533037706941625
0.12790119131624003
0.07209880868375998
-0.15070707866488162
0.3507070786648816
0.009771363439001896
0.19022863656099812
0.2450463475386581
-0.04504634753865808
-0.025262096991294863
0.22526209699129487
-0.4609647711572281
0.6609647711572281
-0.5369286290115398
0.7369286290115398
