20 10
-1 0 0 0 0 0 0 0 0 0
1 0 0 0 0 0 0 0 0 0
0 -1 0 0 0 0 0 0 0 0
0 1 0 0 0 0 0 0 0 0
0 0 -1 0 0 0 0 0 0 0
0 0 1 0 0 0 0 0 0 0
0 0 0 -1 0 0 0 0 0 0
0 0 0 1 0 0 0 0 0 0
0 0 0 0 -1 0 0 0 0 0
0 0 0 0 1 0 0 0 0 0
0 0 0 0 0 -1 0 0 0 0
0 0 0 0 0 1 0 0 0 0
0 0 0 0 0 0 -1 0 0 0
0 0 0 0 0 0 1 0 0 0
0 0 0 0 0 0 0 -1 0 0
0 0 0 0 0 0 0 1 0 0
0 0 0 0 0 0 0 0 -1 0
0 0 0 0 0 0 0 0 1 0
0 0 0 0 0 0 0 0 0 -1
0 0 0 0 0 0 0 0 0 1
0.4003773009799835
-0.3983773009799835
0.4748585182133377
-0.4728585182133377
0.28193627811998534
-0.27993627811998534
-0.02071936333836477
0.022719363338364773
0.7616302848857458
-0.7596302848857458
0.3121692293059345
-0.3101692293059345
0.4209134540634619
-0.4189134540634619
0.5354594929429962
-0.5334594929429962
-0.18907645621782376
0.19107645621782376
0.5775242035446603
-0.5755242035446603
