20 10
-1 0 0 0 0 0 0 0 0 0
1 0 0 0 0 0 0 0 0 0
0 -1 0 0 0 0 0 0 0 0
0 1 0 0 0 0 0 0 0 0
0 0 -1 0 0 0 0 0 0 0
0 0 1 0 0 0 0 0 0 0
0 0 0 -1 0 0 0 0 0 0
0 0 0 1 0 0 0 0 0 0
0 0 0 0 -1 0 0 0 0 0
0 0 0 0 1 0 0 0 0 0
0 0 0 0 0 -1 0 0 0 0
0 0 0 0 0 1 0 0 0 0
0 0 0 0 0 0 -1 0 0 0
0 0 0 0 0 0 1 0 0 0
0 0 0 0 0 0 0 -1 0 0
0 0 0 0 0 0 0 1 0 0
0 0 0 0 0 0 0 0 -1 0
0 0 0 0 0 0 0 0 1 0
0 0 0 0 0 0 0 0 0 -1
0 0 0 0 0 0 0 0 0 1
0.49937730097998345
-0.2993773009799835
0.5738585182133377
-0.3738585182133377
0.3809362781199853
-0.18093627811998533
0.07828063666163523
0.12171936333836478
0.8606302848857458
-0.6606302848857458
0.41116922930593447
-0.21116922930593449
0.5199134540634619
-0.31991345406346194
0.6344594929429962
-0.43445949294299624
-0.09007645621782376
0.29007645621782374
0.6765242035446603
-0.4765242035446603
