20 10
-1 0 0 0 0 0 0 0 0 0
1 0 0 0 0 0 0 0 0 0
0 -1 0 0 0 0 0 0 0 0
0 1 0 0 0 0 0 0 0 0
0 0 -1 0 0 0 0 0 0 0
0 0 1 0 0 0 0 0 0 0
0 0 0 -1 0 0 0 0 0 0
0 0 0 1 0 0 0 0 0 0
0 0 0 0 -1 0 0 0 0 0
0 0 0 0 1 0 0 0 0 0
0 0 0 0 0 -1 0 0 0 0
0 0 0 0 0 1 0 0 0 0
0 0 0 0 0 0 -1 0 0 0
0 0 0 0 0 0 1 0 0 0
0 0 0 0 0 0 0 -1 0 0
0 0 0 0 0 0 0 1 0 0
0 0 0 0 0 0 0 0 -1 0
0 0 0 0 0 0 0 0 1 0
0 0 0 0 0 0 0 0 0 -1
0 0 0 0 0 0 0 0 0 1
0.4093773009799835
-0.38937730097998347
0.4838585182133377
-0.4638585182133377
0.29093627811998535
-0.27093627811998533
-0.011719363338364772
0.031719363338364774
0.7706302848857458
-0.7506302848857458
0.3211692293059345
-0.3011692293059345
0.42991345406346193
-0.4099134540634619
0.5444594929429962
-0.5244594929429962
-0.18007645621782375
0.20007645621782377
0.5865242035446603
-0.5665242035446603
