20 10
-1 0 0 0 0 0 0 0 0 0
1 0 0 0 0 0 0 0 0 0
0 -1 0 0 0 0 0 0 0 0
0 1 0 0 0 0 0 0 0 0
0 0 -1 0 0 0 0 0 0 0
0 0 1 0 0 0 0 0 0 0
0 0 0 -1 0 0 0 0 0 0
0 0 0 1 0 0 0 0 0 0
0 0 0 0 -1 0 0 0 0 0
0 0 0 0 1 0 0 0 0 0
0 0 0 0 0 -1 0 0 0 0
0 0 0 0 0 1 0 0 0 0
0 0 0 0 0 0 -1 0 0 0
0 0 0 0 0 0 1 0 0 0
0 0 0 0 0 0 0 -1 0 0
0 0 0 0 0 0 0 1 0 0
0 0 0 0 0 0 0 0 -1 0
0 0 0 0 0 0 0 0 1 0
0 0 0 0 0 0 0 0 0 -1
0 0 0 0 0 0 0 0 0 1
0.39947730097998346
-0.3992773009799835
0.4739585182133377
-0.4737585182133377
0.2810362781199853
-0.28083627811998535
-0.021619363338364773
0.02181936333836477
0.7607302848857458
-0.7605302848857458
0.3112692293059345
-0.3110692293059345
0.4200134540634619
-0.41981345406346193
0.5345594929429962
-0.5343594929429962
-0.18997645621782377
0.19017645621782375
0.5766242035446603
-0.5764242035446603
