20 10
-1 0 0 0 0 0 0 0 0 0
1 0 0 0 0 0 0 0 0 0
0 -1 0 0 0 0 0 0 0 0
0 1 0 0 0 0 0 0 0 0
0 0 -1 0 0 0 0 0 0 0
0 0 1 0 0 0 0 0 0 0
0 0 0 -1 0 0 0 0 0 0
0 0 0 1 0 0 0 0 0 0
0 0 0 0 -1 0 0 0 0 0
0 0 0 0 1 0 0 0 0 0
0 0 0 0 0 -1 0 0 0 0
0 0 0 0 0 1 0 0 0 0
0 0 0 0 0 0 -1 0 0 0
0 0 0 0 0 0 1 0 0 0
0 0 0 0 0 0 0 -1 0 0
0 0 0 0 0 0 0 1 0 0
0 0 0 0 0 0 0 0 -1 0
0 0 0 0 0 0 0 0 1 0
0 0 0 0 0 0 0 0 0 -1
0 0 0 0 0 0 0 0 0 1
0.2692770584739961
-0.0692770584739961
0.7930972530279735
-0.5930972530279736
0.7858888953531414
-0.5858888953531415
-0.2471092469555445
0.44710924695554455
0.1621415363192429
0.0378584636807571
0.4141185378486857
-0.2141185378486857
-0.12463891221697174
0.3246389122169717
0.1028235830883836
0.09717641691161641
0.7169716012551505
-0.5169716012551505
0.6892792272540494
-0.4892792272540495
