20 10
-1 0 0 0 0 0 0 0 0 0
1 0 0 0 0 0 0 0 0 0
0 -1 0 0 0 0 0 0 0 0
0 1 0 0 0 0 0 0 0 0
0 0 -1 0 0 0 0 0 0 0
0 0 1 0 0 0 0 0 0 0
0 0 0 -1 0 0 0 0 0 0
0 0 0 1 0 0 0 0 0 0
0 0 0 0 -1 0 0 0 0 0
0 0 0 0 1 0 0 0 0 0
0 0 0 0 0 -1 0 0 0 0
0 0 0 0 0 1 0 0 0 0
0 0 0 0 0 0 -1 0 0 0
0 0 0 0 0 0 1 0 0 0
0 0 0 0 0 0 0 -1 0 0
0 0 0 0 0 0 0 1 0 0
0 0 0 0 0 0 0 0 -1 0
0 0 0 0 0 0 0 0 1 0
0 0 0 0 0 0 0 0 0 -1
0 0 0 0 0 0 0 0 0 1
0.1702770584739961
-0.1682770584739961
0.6940972530279735
-0.6920972530279735
0.6868888953531415
-0.6848888953531415
-0.3461092469555445
0.3481092469555445
0.06314153631924291
-0.061141536319242906
0.3151185378486857
-0.3131185378486857
-0.22363891221697174
0.22563891221697174
0.0038235830883835966
-0.0018235830883835966
0.6179716012551505
-0.6159716012551505
0.5902792272540495
-0.5882792272540495
