20 10
-1 0 0 0 0 0 0 0 0 0
1 0 0 0 0 0 0 0 0 0
0 -1 0 0 0 0 0 0 0 0
0 1 0 0 0 0 0 0 0 0
0 0 -1 0 0 0 0 0 0 0
0 0 1 0 0 0 0 0 0 0
0 0 0 -1 0 0 0 0 0 0
0 0 0 1 0 0 0 0 0 0
0 0 0 0 -1 0 0 0 0 0
0 0 0 0 1 0 0 0 0 0
0 0 0 0 0 -1 0 0 0 0
0 0 0 0 0 1 0 0 0 0
0 0 0 0 0 0 -1 0 0 0
0 0 0 0 0 0 1 0 0 0
0 0 0 0 0 0 0 -1 0 0
0 0 0 0 0 0 0 1 0 0
0 0 0 0 0 0 0 0 -1 0
0 0 0 0 0 0 0 0 1 0
0 0 0 0 0 0 0 0 0 -1
0 0 0 0 0 0 0 0 0 1
1.169277058473996
0.8307229415260039
1.6930972530279735
0.30690274697202646
1.6858888953531415
0.31411110464685854
0.6528907530444554
1.3471092469555446
1.0621415363192428
0.9378584636807571
1.3141185378486857
0.6858814621513143
0.7753610877830283
1.2246389122169719
1.0028235830883836
0.9971764169116164
1.6169716012551505
0.3830283987448495
1.5892792272540495
0.41072077274595054
