20 10
-1 0 0 0 0 0 0 0 0 0
1 0 0 0 0 0 0 0 0 0
0 -1 0 0 0 0 0 0 0 0
0 1 0 0 0 0 0 0 0 0
0 0 -1 0 0 0 0 0 0 0
0 0 1 0 0 0 0 0 0 0
0 0 0 -1 0 0 0 0 0 0
0 0 0 1 0 0 0 0 0 0
0 0 0 0 -1 0 0 0 0 0
0 0 0 0 1 0 0 0 0 0
0 0 0 0 0 -1 0 0 0 0
0 0 0 0 0 1 0 0 0 0
0 0 0 0 0 0 -1 0 0 0
0 0 0 0 0 0 1 0 0 0
0 0 0 0 0 0 0 -1 0 0
0 0 0 0 0 0 0 1 0 0
0 0 0 0 0 0 0 0 -1 0
0 0 0 0 0 0 0 0 1 0
0 0 0 0 0 0 0 0 0 -1
0 0 0 0 0 0 0 0 0 1
0.1792770584739961
-0.1592770584739961
0.7030972530279735
-0.6830972530279735
0.6958888953531415
-0.6758888953531415
-0.3371092469555445
0.3571092469555445
0.0721415363192429
-0.052141536319242905
0.3241185378486857
-0.3041185378486857
-0.21463891221697173
0.23463891221697175
0.012823583088383597
0.007176416911616404
0.6269716012551505
-0.6069716012551505
0.5992792272540495
-0.5792792272540495
