20 10
-1 0 0 0 0 0 0 0 0 0
1 0 0 0 0 0 0 0 0 0
0 -1 0 0 0 0 0 0 0 0
0 1 0 0 0 0 0 0 0 0
0 0 -1 0 0 0 0 0 0 0
0 0 1 0 0 0 0 0 0 0
0 0 0 -1 0 0 0 0 0 0
0 0 0 1 0 0 0 0 0 0
0 0 0 0 -1 0 0 0 0 0
0 0 0 0 1 0 0 0 0 0
0 0 0 0 0 -1 0 0 0 0
0 0 0 0 0 1 0 0 0 0
0 0 0 0 0 0 -1 0 0 0
0 0 0 0 0 0 1 0 0 0
0 0 0 0 0 0 0 -1 0 0
0 0 0 0 0 0 0 1 0 0
0 0 0 0 0 0 0 0 -1 0
0 0 0 0 0 0 0 0 1 0
0 0 0 0 0 0 0 0 0 -1
0 0 0 0 0 0 0 0 0 1
0.1693770584739961
-0.1691770584739961
0.6931972530279735
-0.6929972530279735
0.6859888953531414
-0.6857888953531415
-0.3470092469555445
0.3472092469555445
0.06224153631924291
-0.062041536319242904
0.3142185378486857
-0.3140185378486857
-0.22453891221697175
0.22473891221697173
0.0029235830883835964
-0.002723583088383597
0.6170716012551505
-0.6168716012551505
0.5893792272540495
-0.5891792272540495
