20 10
-1 0 0 0 0 0 0 0 0 0
1 0 0 0 0 0 0 0 0 0
0 -1 0 0 0 0 0 0 0 0
0 1 0 0 0 0 0 0 0 0
0 0 -1 0 0 0 0 0 0 0
0 0 1 0 0 0 0 0 0 0
0 0 0 -1 0 0 0 0 0 0
0 0 0 1 0 0 0 0 0 0
0 0 0 0 -1 0 0 0 0 0
0 0 0 0 1 0 0 0 0 0
0 0 0 0 0 -1 0 0 0 0
0 0 0 0 0 1 0 0 0 0
0 0 0 0 0 0 -1 0 0 0
0 0 0 0 0 0 1 0 0 0
0 0 0 0 0 0 0 -1 0 0
0 0 0 0 0 0 0 1 0 0
0 0 0 0 0 0 0 0 -1 0
0 0 0 0 0 0 0 0 1 0
0 0 0 0 0 0 0 0 0 -1
0 0 0 0 0 0 0 0 0 1
0.25467915966964993
-0.25267915966964993
-0.5665776250919762
0.5685776250919762
0.17448902575065406
-0.17248902575065406
-0.7594461235314021
0.7614461235314021
-0.761867450855653
0.763867450855653
-0.6298107033231387
0.6318107033231387
-0.22002215754079157
0.22202215754079158
-0.2548565477601401
0.2568565477601401
-0.6073212517471759
0.6093212517471759
0.6342633495894611
-0.6322633495894611
