20 10
-1 0 0 0 0 0 0 0 0 0
1 0 0 0 0 0 0 0 0 0
0 -1 0 0 0 0 0 0 0 0
0 1 0 0 0 0 0 0 0 0
0 0 -1 0 0 0 0 0 0 0
0 0 1 0 0 0 0 0 0 0
0 0 0 -1 0 0 0 0 0 0
0 0 0 1 0 0 0 0 0 0
0 0 0 0 -1 0 0 0 0 0
0 0 0 0 1 0 0 0 0 0
0 0 0 0 0 -1 0 0 0 0
0 0 0 0 0 1 0 0 0 0
0 0 0 0 0 0 -1 0 0 0
0 0 0 0 0 0 1 0 0 0
0 0 0 0 0 0 0 -1 0 0
0 0 0 0 0 0 0 1 0 0
0 0 0 0 0 0 0 0 -1 0
0 0 0 0 0 0 0 0 1 0
0 0 0 0 0 0 0 0 0 -1
0 0 0 0 0 0 0 0 0 1
0.3536791596696499
-0.15367915966964993
-0.4675776250919762
0.6675776250919762
0.27348902575065404
-0.07348902575065405
-0.6604461235314021
0.860446123531402
-0.662867450855653
0.862867450855653
-0.5308107033231387
0.7308107033231387
-0.12102215754079157
0.32102215754079155
-0.1558565477601401
0.3558565477601401
-0.5083212517471759
0.7083212517471759
0.733263349589461
-0.5332633495894611
