20 10
-1 0 0 0 0 0 0 0 0 0
1 0 0 0 0 0 0 0 0 0
0 -1 0 0 0 0 0 0 0 0
0 1 0 0 0 0 0 0 0 0
0 0 -1 0 0 0 0 0 0 0
0 0 1 0 0 0 0 0 0 0
0 0 0 -1 0 0 0 0 0 0
0 0 0 1 0 0 0 0 0 0
0 0 0 0 -1 0 0 0 0 0
0 0 0 0 1 0 0 0 0 0
0 0 0 0 0 -1 0 0 0 0
0 0 0 0 0 1 0 0 0 0
0 0 0 0 0 0 -1 0 0 0
0 0 0 0 0 0 1 0 0 0
0 0 0 0 0 0 0 -1 0 0
0 0 0 0 0 0 0 1 0 0
0 0 0 0 0 0 0 0 -1 0
0 0 0 0 0 0 0 0 1 0
0 0 0 0 0 0 0 0 0 -1
0 0 0 0 0 0 0 0 0 1
0.26367915966964994
-0.24367915966964993
-0.5575776250919762
0.5775776250919762
0.18348902575065407
-0.16348902575065405
-0.750446123531402
0.7704461235314021
-0.752867450855653
0.772867450855653
-0.6208107033231387
0.6408107033231387
-0.21102215754079157
0.23102215754079158
-0.2458565477601401
0.2658565477601401
-0.5983212517471759
0.6183212517471759
0.6432633495894611
-0.6232633495894611
