20 10
-1 0 0 0 0 0 0 0 0 0
1 0 0 0 0 0 0 0 0 0
0 -1 0 0 0 0 0 0 0 0
0 1 0 0 0 0 0 0 0 0
0 0 -1 0 0 0 0 0 0 0
0 0 1 0 0 0 0 0 0 0
0 0 0 -1 0 0 0 0 0 0
0 0 0 1 0 0 0 0 0 0
0 0 0 0 -1 0 0 0 0 0
0 0 0 0 1 0 0 0 0 0
0 0 0 0 0 -1 0 0 0 0
0 0 0 0 0 1 0 0 0 0
0 0 0 0 0 0 -1 0 0 0
0 0 0 0 0 0 1 0 0 0
0 0 0 0 0 0 0 -1 0 0
0 0 0 0 0 0 0 1 0 0
0 0 0 0 0 0 0 0 -1 0
0 0 0 0 0 0 0 0 1 0
0 0 0 0 0 0 0 0 0 -1
0 0 0 0 0 0 0 0 0 1
0.2537791596696499
-0.25357915966964995
-0.5674776250919762
0.5676776250919762
0.17358902575065405
-0.17338902575065407
-0.7603461235314021
0.760546123531402
-0.762767450855653
0.762967450855653
-0.6307107033231387
0.6309107033231387
-0.22092215754079159
0.22112215754079156
-0.2557565477601401
0.2559565477601401
-0.6082212517471759
0.6084212517471759
0.633363349589461
-0.6331633495894611
