20 10
-1 0 0 0 0 0 0 0 0 0
1 0 0 0 0 0 0 0 0 0
0 -1 0 0 0 0 0 0 0 0
0 1 0 0 0 0 0 0 0 0
0 0 -1 0 0 0 0 0 0 0
0 0 1 0 0 0 0 0 0 0
0 0 0 -1 0 0 0 0 0 0
0 0 0 1 0 0 0 0 0 0
0 0 0 0 -1 0 0 0 0 0
0 0 0 0 1 0 0 0 0 0
0 0 0 0 0 -1 0 0 0 0
0 0 0 0 0 1 0 0 0 0
0 0 0 0 0 0 -1 0 0 0
0 0 0 0 0 0 1 0 0 0
0 0 0 0 0 0 0 -1 0 0
0 0 0 0 0 0 0 1 0 0
0 0 0 0 0 0 0 0 -1 0
0 0 0 0 0 0 0 0 1 0
0 0 0 0 0 0 0 0 0 -1
0 0 0 0 0 0 0 0 0 1
0.8190773315438143
-0.6190773315438144
-0.1245699476940336
0.3245699476940336
0.26791803779083545
-0.06791803779083547
0.7440116518305057
-0.5440116518305057
0.6799662539434707
-0.4799662539434707
-0.6064082030654964
0.8064082030654963
-0.05815330413776085
0.25815330413776083
-0.04677649020157357
0.24677649020157358
0.18577123345999916
0.014228766540000853
-0.2378718668856409
0.43787186688564095
