20 10
-1 0 0 0 0 0 0 0 0 0
1 0 0 0 0 0 0 0 0 0
0 -1 0 0 0 0 0 0 0 0
0 1 0 0 0 0 0 0 0 0
0 0 -1 0 0 0 0 0 0 0
0 0 1 0 0 0 0 0 0 0
0 0 0 -1 0 0 0 0 0 0
0 0 0 1 0 0 0 0 0 0
0 0 0 0 -1 0 0 0 0 0
0 0 0 0 1 0 0 0 0 0
0 0 0 0 0 -1 0 0 0 0
0 0 0 0 0 1 0 0 0 0
0 0 0 0 0 0 -1 0 0 0
0 0 0 0 0 0 1 0 0 0
0 0 0 0 0 0 0 -1 0 0
0 0 0 0 0 0 0 1 0 0
0 0 0 0 0 0 0 0 -1 0
0 0 0 0 0 0 0 0 1 0
0 0 0 0 0 0 0 0 0 -1
0 0 0 0 0 0 0 0 0 1
0.7191773315438144
-0.7189773315438144
-0.2244699476940336
0.2246699476940336
0.16801803779083546
-0.16781803779083548
0.6441116518305057
-0.6439116518305057
0.5800662539434707
-0.5798662539434707
-0.7063082030654964
0.7065082030654963
-0.15805330413776086
0.15825330413776084
-0.14667649020157358
0.14687649020157356
0.08587123345999916
-0.08567123345999915
-0.3377718668856409
0.3379718668856409
