20 10
-1 0 0 0 0 0 0 0 0 0
1 0 0 0 0 0 0 0 0 0
0 -1 0 0 0 0 0 0 0 0
0 1 0 0 0 0 0 0 0 0
0 0 -1 0 0 0 0 0 0 0
0 0 1 0 0 0 0 0 0 0
0 0 0 -1 0 0 0 0 0 0
0 0 0 1 0 0 0 0 0 0
0 0 0 0 -1 0 0 0 0 0
0 0 0 0 1 0 0 0 0 0
0 0 0 0 0 -1 0 0 0 0
0 0 0 0 0 1 0 0 0 0
0 0 0 0 0 0 -1 0 0 0
0 0 0 0 0 0 1 0 0 0
0 0 0 0 0 0 0 -1 0 0
0 0 0 0 0 0 0 1 0 0
0 0 0 0 0 0 0 0 -1 0
0 0 0 0 0 0 0 0 1 0
0 0 0 0 0 0 0 0 0 -1
0 0 0 0 0 0 0 0 0 1
0.7290773315438144
-0.7090773315438144
-0.2145699476940336
0.2345699476940336
0.17791803779083548
-0.15791803779083546
0.6540116518305057
-0.6340116518305057
0.5899662539434707
-0.5699662539434707
-0.6964082030654963
0.7164082030654964
-0.14815330413776084
0.16815330413776086
-0.13677649020157356
0.15677649020157358
0.09577123345999915
-0.07577123345999916
-0.3278718668856409
0.3478718668856409
