20 10
-1 0 0 0 0 0 0 0 0 0
1 0 0 0 0 0 0 0 0 0
0 -1 0 0 0 0 0 0 0 0
0 1 0 0 0 0 0 0 0 0
0 0 -1 0 0 0 0 0 0 0
0 0 1 0 0 0 0 0 0 0
0 0 0 -1 0 0 0 0 0 0
0 0 0 1 0 0 0 0 0 0
0 0 0 0 -1 0 0 0 0 0
0 0 0 0 1 0 0 0 0 0
0 0 0 0 0 -1 0 0 0 0
0 0 0 0 0 1 0 0 0 0
0 0 0 0 0 0 -1 0 0 0
0 0 0 0 0 0 1 0 0 0
0 0 0 0 0 0 0 -1 0 0
0 0 0 0 0 0 0 1 0 0
0 0 0 0 0 0 0 0 -1 0
0 0 0 0 0 0 0 0 1 0
0 0 0 0 0 0 0 0 0 -1
0 0 0 0 0 0 0 0 0 1
0.7200773315438144
-0.7180773315438144
-0.2235699476940336
0.2255699476940336
0.16891803779083547
-0.16691803779083547
0.6450116518305057
-0.6430116518305057
0.5809662539434707
-0.5789662539434707
-0.7054082030654963
0.7074082030654963
-0.15715330413776085
0.15915330413776085
-0.14577649020157357
0.14777649020157357
0.08677123345999915
-0.08477123345999915
-0.3368718668856409
0.3388718668856409
