1
20 10
-1 0 0 0 0 0 0 0 0 0
1 0 0 0 0 0 0 0 0 0
0 -1 0 0 0 0 0 0 0 0
0 1 0 0 0 0 0 0 0 0
0 0 -1 0 0 0 0 0 0 0
0 0 1 0 0 0 0 0 0 0
0 0 0 -1 0 0 0 0 0 0
0 0 0 1 0 0 0 0 0 0
0 0 0 0 -1 0 0 0 0 0
0 0 0 0 1 0 0 0 0 0
0 0 0 0 0 -1 0 0 0 0
0 0 0 0 0 1 0 0 0 0
0 0 0 0 0 0 -1 0 0 0
0 0 0 0 0 0 1 0 0 0
0 0 0 0 0 0 0 -1 0 0
0 0 0 0 0 0 0 1 0 0
0 0 0 0 0 0 0 0 -1 0
0 0 0 0 0 0 0 0 1 0
0 0 0 0 0 0 0 0 0 -1
0 0 0 0 0 0 0 0 0 1
0.370163
0.129837
-0.143002
0.643002
0.684959
-0.184959
-0.432270
0.932270
0.626816
-0.126816
0.022189
0.477811
-0.331392
0.831392
0.280686
0.219314
-0.388172
0.888172
-0.488223
0.988223
