1
20 10
-1 0 0 0 0 0 0 0 0 0
1 0 0 0 0 0 0 0 0 0
0 -1 0 0 0 0 0 0 0 0
0 1 0 0 0 0 0 0 0 0
0 0 -1 0 0 0 0 0 0 0
0 0 1 0 0 0 0 0 0 0
0 0 0 -1 0 0 0 0 0 0
0 0 0 1 0 0 0 0 0 0
0 0 0 0 -1 0 0 0 0 0
0 0 0 0 1 0 0 0 0 0
0 0 0 0 0 -1 0 0 0 0
0 0 0 0 0 1 0 0 0 0
0 0 0 0 0 0 -1 0 0 0
0 0 0 0 0 0 1 0 0 0
0 0 0 0 0 0 0 -1 0 0
0 0 0 0 0 0 0 1 0 0
0 0 0 0 0 0 0 0 -1 0
0 0 0 0 0 0 0 0 1 0
0 0 0 0 0 0 0 0 0 -1
0 0 0 0 0 0 0 0 0 1
0.620163
0.379837
0.106998
0.893002
0.934960
0.065040
-0.182270
1.182270
0.876817
0.123183
0.272189
0.727811
-0.081392
1.081392
0.530686
0.469314
-0.138173
1.138173
-0.238223
1.238223
